0 0.05936507
1 0.07638986
2 0.077610336
3 0.09973362
4 0.115637444
5 0.15601961
6 0.18664913
7 0.29178762
8 0.3694964
9 0.30173254
10 0.40401936
11 0.46303242
12 0.5362411
13 0.68835896
14 0.8558734
15 0.86863256
16 1.0305055
17 0.98624635
18 1.2604151
19 1.4966027
20 1.4017243
21 1.581856
22 1.8297423
23 2.2039957
24 2.01983
25 2.0895143
26 2.2546463
27 2.598318
28 2.6138449
29 2.678017
30 2.8675191
31 2.9158928
32 3.159932
33 3.387926
34 3.7122898
35 4.2076325
36 3.637265
37 4.1795783
38 3.7733278
39 4.5897794
40 4.554121
41 4.780673
42 5.107196
43 4.5491266
44 4.605328
45 5.094739
46 6.064105
47 5.146282
48 4.6358986
49 5.2135
50 5.0772266
51 5.2298017
52 5.242468
53 4.7842503
54 4.722165
55 5.101536
56 5.237276
57 5.456084
58 5.277254
59 5.4061527
60 6.1012297
61 5.893696
62 5.3921566
63 6.604553
64 7.003649
65 6.0258093
66 4.9981766
67 6.8059382
68 7.430197
69 5.4926167
70 6.3422174
71 5.8415346
72 6.495824
73 5.0864196
74 5.5004077
75 5.703725
76 6.1902957
77 7.193791
78 6.028799
79 5.734187
80 6.012187
81 5.885758
82 5.1753325
83 5.677909
84 6.22205
85 6.0074797
86 5.981517
87 6.7075825
88 6.4874897
89 6.355158
90 6.1424966
91 6.1664257
92 5.3085546
93 6.2981997
94 7.4003677
95 6.215111
96 6.612116
97 6.7230916
98 7.0195794
99 7.355324
100 6.895767
101 6.687152
102 6.2561617
103 5.8998766
104 7.00865
105 6.7191334
106 6.55309
107 6.406172
108 6.9555945
109 6.809244
110 7.6839905
111 6.9006004
112 8.547367
113 7.047635
114 7.3599854
115 6.6297445
116 6.4369993
117 6.929928
118 7.171404
119 6.89574
120 7.3692274
121 7.317415
122 7.6527376
123 7.1688437
124 7.802533
125 7.0030937
126 8.031098
127 7.4187956
128 7.8268375
129 7.8321595
130 8.694618
131 7.702491
132 7.3670774
133 7.14692
134 8.136285
135 7.361355
136 7.5666327
137 6.8734765
138 7.0467863
139 6.8173065
140 7.303501
141 6.1631117
142 7.3353963
143 6.476056
144 7.356438
145 8.073697
146 7.435771
147 7.460061
148 8.632484
149 9.094421
150 8.262438
151 7.9738693
152 7.5570526
153 8.140153
154 7.7700634
155 7.3603477
156 7.2240267
157 6.9525566
158 8.866277
159 7.0639753
160 7.1603494
161 7.641856
162 7.9377966
163 6.4763727
164 7.3977385
165 7.3705587
166 7.286745
167 7.009744
168 8.239029
169 7.294901
170 8.090355
171 7.1603413
172 7.1315603
173 6.7612104
174 6.90866
175 7.7971945
176 8.50549
177 7.132643
178 7.414752
179 7.2509074
180 7.9964066
181 7.417104
182 8.177675
183 7.344662
184 8.588445
185 6.374118
186 7.4368343
187 7.286354
188 7.2406282
189 7.57051
190 6.7093477
191 7.260647
192 7.1818933
193 8.559326
194 6.9610424
195 7.0021954
196 7.393442
197 8.741239
198 7.8777504
199 7.541199
200 7.387064
201 9.957168
202 8.311148
203 6.8299227
204 8.830463
205 8.744616
206 7.965312
207 9.141993
208 7.7367153
209 6.933153
210 8.069727
211 7.4703646
212 8.018415
213 8.201521
214 8.024642
215 8.451986
216 8.648804
217 8.386151
218 7.6610017
219 7.996877
220 8.480047
221 8.275491
222 8.137035
223 8.2002945
224 8.723799
225 10.9343605
226 9.529185
227 10.609681
228 9.209805
229 9.58055
230 10.279194
231 8.783908
232 9.73777
233 8.328022
234 8.452435
235 9.699855
236 8.97728
237 9.290533
238 8.8093605
239 9.769496
240 10.544807
241 9.047104
242 10.000904
243 9.548779
244 9.811171
245 9.1917
246 11.180768
247 8.421917
248 10.811184
249 11.846176
250 9.315781
251 9.358104
252 10.956902
253 10.766347
254 9.03211
255 13.1127405
256 10.272465
257 10.077297
258 10.355684
259 10.562981
260 10.6836815
261 10.485727
262 10.973252
263 10.875261
264 10.892529
265 11.6007
266 13.781096
267 12.21043
268 13.703022
269 14.690762
270 13.956139
271 12.120531
272 14.0583
273 13.334715
274 12.80701
275 12.841118
276 15.216241
277 12.340185
278 11.53905
279 13.124589
280 13.510538
281 12.9699
282 11.61828
283 11.114348
284 10.736454
285 10.692115
286 10.456528
287 10.770005
288 12.862188
289 9.687872
290 12.44224
291 11.060331
292 9.254854
293 9.978796
294 9.772411
295 10.138374
296 9.440809
297 10.013095
298 10.358051
299 11.253086
300 14.636038
301 10.976549
302 9.124899
303 9.49485
304 10.793885
305 8.982428
306 10.5975
307 9.9133835
308 10.418959
309 11.792692
310 10.358772
311 9.032073
312 11.047279
313 10.073917
314 9.456795
315 9.661868
316 11.130207
317 10.43268
318 10.381596
319 9.835523
320 11.328517
321 9.256096
322 9.28344
323 10.098079
324 9.086843
325 10.223056
326 8.720829
327 8.492276
328 8.041284
329 8.94763
330 9.053409
331 8.360431
332 8.764647
333 9.324814
334 9.445984
335 9.906691
336 11.562199
337 9.276965
338 9.752411
339 9.602708
340 10.788991
341 9.30652
342 8.836915
343 9.49603
344 8.813445
345 9.526887
346 9.446671
347 9.615105
348 9.40882
349 9.814941
350 9.312998
351 9.647582
352 9.093727
353 10.783582
354 9.924083
355 9.22254
356 9.728546
357 8.578503
358 9.202925
359 10.446455
360 9.701836
361 12.532235
362 9.3271055
363 9.20339
364 9.411053
365 10.494077
366 9.819725
367 9.226517
368 10.020987
369 10.785212
370 9.683788
371 9.667795
372 11.372881
373 8.581327
374 9.751887
375 8.025547
376 8.253484
377 8.4861965
378 7.865408
379 7.7432604
380 8.648323
381 7.4745874
382 8.333862
383 7.9938536
384 8.755905
385 9.009594
386 12.163532
387 9.413034
388 7.99804
389 7.6048136
390 7.763166
391 8.397434
392 7.6812096
393 7.923671
394 8.061406
395 7.962874
396 7.03263
397 9.6025305
398 7.4108944
399 7.816849
400 8.028896
401 8.378649
402 8.201185
403 9.552226
404 9.304747
405 8.176205
406 7.4364724
407 7.997247
408 7.0512724
409 8.812844
410 6.5492544
411 7.1311865
412 7.397931
413 7.5098724
414 7.974143
415 8.992535
416 8.103729
417 7.3913918
418 8.561622
419 8.593143
420 8.037046
421 7.6781235
422 8.650804
423 8.402217
424 7.7108393
425 8.345377
426 8.026441
427 8.654143
428 9.333553
429 7.9326415
430 8.868095
431 8.372598
432 9.3057575
433 7.673643
434 7.985795
435 7.499501
436 7.9359155
437 7.7256536
438 7.7573166
439 8.102512
440 8.129349
441 8.248516
442 8.02605
443 9.371881
444 10.213831
445 9.650969
446 10.89912
447 9.294273
448 7.736745
449 8.802392
450 8.225697
451 7.608279
452 9.315408
453 8.404179
454 8.720852
455 7.597211
456 7.7844977
457 9.032097
458 7.40598
459 7.652337
460 7.562523
461 8.802446
462 7.8739986
463 8.632001
464 8.813774
465 7.600225
466 7.8715334
467 8.745183
468 10.369438
469 8.385408
470 7.720209
471 7.4891157
472 7.4390244
473 7.457014
474 9.439736
475 7.9018335
476 8.198004
477 8.066074
478 8.410804
479 7.6149845
480 7.607112
481 8.871879
482 9.301325
483 8.831274
484 8.489496
485 8.184174
486 9.685774
487 9.232882
488 8.09133
489 8.035747
490 9.667189
491 9.392161
492 8.965273
493 8.839218
494 9.863765
495 9.056341
496 8.266075
497 10.776871
498 8.320492
499 10.88835
