0 0.07223089
1 0.099336624
2 0.108596906
3 0.13499376
4 0.1962391
5 0.25249764
6 0.27472624
7 0.2841439
8 0.32102948
9 0.2805398
10 0.34412694
11 0.44575378
12 0.600616
13 0.609038
14 0.6943774
15 0.94452333
16 0.9364008
17 0.9221512
18 1.1362054
19 1.3769276
20 1.1695638
21 1.329495
22 1.5698193
23 1.5781412
24 1.648943
25 1.8539033
26 1.8956375
27 2.054123
28 2.0689802
29 2.4551182
30 3.2056112
31 2.5720992
32 2.5589528
33 2.9049382
34 2.8335404
35 2.5210605
36 2.8937645
37 3.0617862
38 3.3499267
39 3.5905018
40 3.9270878
41 4.619912
42 4.161812
43 4.258526
44 3.9864426
45 5.5413876
46 4.0191646
47 4.9744225
48 3.9462485
49 5.33753
50 6.0210238
51 5.099239
52 5.012962
53 4.207363
54 5.1480265
55 7.2450533
56 5.90413
57 4.6818185
58 4.815381
59 5.9995117
60 5.8711357
61 5.6081266
62 5.1215186
63 5.1924834
64 5.862073
65 5.6065183
66 6.4168806
67 5.4132414
68 5.502187
69 5.7190933
70 6.381241
71 7.0162306
72 5.9159226
73 6.1940675
74 5.8068213
75 6.4137197
76 6.01216
77 6.5733056
78 4.921152
79 6.2682614
80 6.2491083
81 5.678969
82 5.982693
83 5.7673397
84 6.334445
85 6.378237
86 6.54948
87 6.1694374
88 7.802238
89 7.708294
90 7.097646
91 9.815369
92 9.236539
93 7.524695
94 8.431198
95 10.288288
96 8.785753
97 6.9944386
98 8.231183
99 7.7038198
100 6.948025
101 8.555498
102 10.25722
103 7.7197533
104 11.942656
105 8.239222
106 7.563223
107 7.775245
108 7.678959
109 6.364217
110 8.231207
111 7.497356
112 7.9991693
113 6.939084
114 7.1515865
115 6.4713497
116 6.64251
117 7.256794
118 7.77729
119 8.74045
120 8.290712
121 8.837937
122 6.6761594
123 8.979414
124 11.321051
125 9.123744
126 8.395554
127 7.298713
128 8.082357
129 7.381059
130 7.4461203
131 8.658028
132 8.747193
133 9.284455
134 9.2095375
135 6.820136
136 5.7011414
137 6.0039873
138 6.69676
139 8.226641
140 7.6948957
141 6.4017544
142 6.093783
143 6.4930468
144 6.924332
145 6.4792275
146 7.118393
147 9.195474
148 8.29353
149 9.536171
150 9.589458
151 7.1540217
152 5.93458
153 7.574585
154 6.996228
155 6.8534985
156 7.5770373
157 6.91118
158 7.9174423
159 7.863103
160 6.8865814
161 8.8714905
162 7.0518684
163 7.835283
164 8.926676
165 10.929855
166 9.143196
167 8.285878
168 9.268156
169 8.652584
170 8.327918
171 8.998383
172 8.033991
173 8.327152
174 7.3464446
175 10.683111
176 10.165411
177 7.7048483
178 8.577978
179 8.85738
180 9.3995695
181 8.692205
182 10.250589
183 8.849299
184 9.418386
185 9.613739
186 10.506485
187 11.278749
188 10.115938
189 11.382282
190 10.805534
191 8.327054
192 10.358714
193 9.19
194 8.86351
195 9.8087435
196 8.581471
197 11.874234
198 10.905578
199 10.124161
200 9.499291
201 11.27243
202 9.900458
203 8.838844
204 10.718385
205 9.236343
206 11.697573
207 8.95328
208 12.266205
209 8.852648
210 8.85258
211 8.997048
212 8.016754
213 8.376044
214 8.4087715
215 8.28186
216 10.041636
217 9.880992
218 8.895334
219 9.533246
220 9.739594
221 7.884012
222 9.279044
223 7.8473454
224 8.165829
225 8.170155
226 9.226301
227 8.913795
228 7.9863315
229 8.882315
230 8.371175
231 9.272717
232 10.652546
233 9.107691
234 8.508463
235 11.416969
236 9.961874
237 9.039728
238 10.1695595
239 8.894882
240 11.99233
241 9.311251
242 10.862301
243 11.349709
244 10.930448
245 10.255574
246 10.372494
247 9.776339
248 12.3520975
249 7.7425556
250 10.029501
251 10.216632
252 11.722573
253 10.432505
254 9.787159
255 10.342567
256 10.423014
257 8.656628
258 9.953676
259 11.102401
260 9.967463
261 9.6282015
262 11.573668
263 10.520098
264 9.967543
265 10.141459
266 9.055489
267 11.398973
268 11.995455
269 10.6533165
270 11.973166
271 8.833887
272 10.484751
273 10.887238
274 9.737082
275 9.017444
276 11.304804
277 13.881513
278 11.248693
279 11.272091
280 9.801201
281 12.51413
282 10.088883
283 8.595694
284 10.018011
285 10.579668
286 8.99623
287 9.547556
288 9.295428
289 10.508163
290 9.4879265
291 10.365356
292 11.245549
293 10.08566
294 10.902714
295 12.053759
296 9.115227
297 8.407987
298 10.717051
299 10.221498
300 9.573622
301 8.092166
302 8.683115
303 8.534114
304 10.586001
305 8.86234
306 9.424863
307 9.219892
308 9.950169
309 8.972197
310 8.801431
311 8.223408
312 8.701422
313 8.883343
314 9.339108
315 10.35019
316 10.21141
317 9.248312
318 9.4450245
319 11.975956
320 9.505968
321 8.918402
322 8.803787
323 10.278796
324 9.180248
325 8.70009
326 10.324965
327 11.021359
328 11.580399
329 9.561806
330 12.166029
331 10.158888
332 11.722995
333 10.553027
334 10.176254
335 10.036037
336 11.120936
337 12.548908
338 10.098265
339 11.288849
340 10.7691555
341 11.010955
342 9.952712
343 12.299056
344 10.095
345 8.776573
346 11.057711
347 10.799218
348 12.542458
349 13.225
350 9.835596
351 9.467186
352 9.587349
353 10.248362
354 8.699449
355 8.794024
356 9.283609
357 9.450277
358 9.533166
359 13.248411
360 9.525433
361 8.784475
362 9.419054
363 9.683407
364 10.453344
365 11.341055
366 10.678534
367 9.819538
368 10.253683
369 9.511044
370 9.595383
371 8.452439
372 9.969925
373 10.635272
374 9.215904
375 9.047592
376 10.082434
377 9.537595
378 9.075237
379 9.983265
380 12.051706
381 9.047965
382 8.797818
383 8.811367
384 9.662659
385 10.147256
386 10.598198
387 10.408674
388 8.800199
389 9.675699
390 13.247227
391 9.741842
392 10.671479
393 10.147057
394 8.320234
395 8.711608
396 9.942262
397 9.5124035
398 10.77277
399 9.151221
400 10.291974
401 10.658909
402 9.994941
403 9.776155
404 7.3750896
405 7.876598
406 8.2190275
407 8.016854
408 7.876539
409 8.330462
410 8.465609
411 7.801666
412 9.452505
413 7.174829
414 7.849724
415 7.452216
416 9.453432
417 8.22263
418 8.393701
419 8.485123
420 8.764076
421 8.3530655
422 8.716055
423 8.992325
424 7.574807
425 8.260986
426 7.810869
427 7.701613
428 7.536667
429 7.819087
430 9.800333
431 7.9747972
432 9.359335
433 7.6510515
434 8.664589
435 8.11259
436 7.994986
437 8.3469715
438 9.175556
439 9.6498785
440 9.746666
441 9.105434
442 10.842577
443 9.251652
444 10.676069
445 9.533096
446 9.3046
447 10.867893
448 10.342162
449 8.664986
450 9.656923
451 8.14504
452 9.921368
453 8.938481
454 10.988039
455 9.832202
456 9.547863
457 9.89164
458 10.110199
459 10.20232
460 11.029576
461 9.469542
462 10.417446
463 10.249403
464 9.8104925
465 11.552332
466 11.254916
467 10.283612
468 12.3260565
469 12.376066
470 11.334367
471 10.950163
472 10.934692
473 12.304624
474 10.260098
475 10.105825
476 11.855074
477 9.828124
478 10.057201
479 10.221706
480 10.26185
481 10.291891
482 10.598627
483 9.493148
484 10.402034
485 9.245851
486 10.29585
487 11.514812
488 10.78938
489 10.225778
490 9.750826
491 9.5744705
492 8.590317
493 9.625891
494 8.371854
495 7.9280205
496 8.734026
497 8.522615
498 8.740892
499 8.362485
