0 0.07654163
1 0.076767966
2 0.07772772
3 0.099352114
4 0.11793576
5 0.14120615
6 0.24842526
7 0.30068225
8 0.29707763
9 0.43997413
10 0.45630127
11 0.51122403
12 0.51176405
13 0.615469
14 0.751222
15 0.72091323
16 1.0609448
17 0.888781
18 0.9882711
19 1.3139868
20 1.0967842
21 1.0659156
22 1.682336
23 1.6597536
24 1.8860567
25 1.8387249
26 1.9686795
27 2.0735078
28 2.7533705
29 2.301167
30 2.2472265
31 2.2130537
32 3.0908868
33 3.2872267
34 2.7088716
35 2.4648094
36 2.837058
37 2.783273
38 2.8099747
39 2.8370252
40 2.5230937
41 2.7916563
42 2.668764
43 3.1983316
44 2.592249
45 3.4140434
46 2.8894086
47 3.7911189
48 2.9864256
49 4.1225777
50 3.8791025
51 3.7211409
52 4.175969
53 4.099772
54 3.8019874
55 3.7160478
56 3.8036015
57 4.4142427
58 4.4833364
59 3.5706832
60 4.131996
61 4.8342314
62 4.5978427
63 4.891872
64 5.187913
65 5.3295045
66 4.9728184
67 4.6421103
68 4.718283
69 4.4153547
70 4.7655993
71 4.7404995
72 5.525527
73 5.7382793
74 7.009206
75 5.7117577
76 6.0795617
77 5.901354
78 5.7827125
79 5.7699194
80 5.726239
81 4.969367
82 6.474363
83 5.672461
84 5.5906672
85 5.634737
86 6.246306
87 5.0324173
88 5.5420094
89 5.8197117
90 6.076583
91 6.284216
92 5.5948997
93 5.950943
94 5.7862597
95 6.4601083
96 6.0782495
97 6.2634254
98 6.501815
99 6.109674
100 6.2853107
101 6.703925
102 6.004986
103 6.8679633
104 6.6110215
105 6.075735
106 5.846904
107 5.858163
108 5.9240828
109 6.251238
110 6.7178926
111 6.3509226
112 7.1748457
113 7.1216455
114 7.1111426
115 5.9923315
116 5.54595
117 5.720498
118 6.3847413
119 6.5636144
120 5.9955587
121 6.504426
122 5.860224
123 6.759098
124 6.910166
125 7.6829453
126 7.1575017
127 6.879848
128 6.049712
129 6.7091446
130 6.752492
131 6.5786934
132 6.3102055
133 7.022522
134 6.5923214
135 6.580924
136 6.8134165
137 7.5015087
138 7.2612324
139 7.932068
140 6.570282
141 7.958349
142 8.161422
143 6.5753613
144 6.840872
145 6.655368
146 6.9096584
147 7.4607143
148 7.3895288
149 7.6233563
150 8.220287
151 7.6910553
152 8.042955
153 8.286503
154 7.893259
155 7.203181
156 8.35923
157 7.8257384
158 8.994879
159 10.020134
160 8.209125
161 7.871371
162 8.138763
163 7.596715
164 7.8869543
165 9.27833
166 8.426596
167 9.536004
168 8.689397
169 7.936556
170 9.860556
171 8.168105
172 9.212058
173 8.176451
174 7.4275594
175 8.477257
176 7.664795
177 7.434565
178 6.9112434
179 7.69277
180 8.376041
181 8.057732
182 7.5324697
183 7.615909
184 7.7692924
185 8.807449
186 7.351431
187 6.8270416
188 6.776242
189 7.6357126
190 6.9290776
191 7.206684
192 6.9081707
193 7.230698
194 7.4941516
195 7.52899
196 8.42001
197 7.505613
198 7.682393
199 7.4294896
200 7.8543496
201 8.610889
202 7.8193707
203 7.524287
204 7.6217647
205 7.609704
206 7.927453
207 7.428952
208 7.426824
209 7.5847273
210 8.230736
211 8.178202
212 7.982834
213 8.360157
214 8.390373
215 7.98446
216 7.6907845
217 7.6381598
218 7.1525736
219 7.8428936
220 7.187709
221 8.006894
222 8.442125
223 7.7762694
224 8.2996235
225 7.581191
226 8.508213
227 8.358474
228 7.8994875
229 9.629727
230 9.051151
231 8.110628
232 8.954283
233 9.074907
234 8.418668
235 11.136885
236 8.591553
237 9.772255
238 9.504694
239 10.455479
240 10.041541
241 10.151308
242 10.492266
243 10.364178
244 11.30179
245 10.202598
246 9.78452
247 9.679974
248 9.022694
249 9.238857
250 11.532749
251 9.242705
252 9.262428
253 9.56902
254 9.887859
255 10.0466
256 10.042982
257 9.819753
258 10.268941
259 10.088159
260 9.968105
261 10.702618
262 10.761559
263 9.36169
264 11.901554
265 9.115438
266 9.289174
267 11.533283
268 9.425865
269 11.016193
270 9.765709
271 9.364942
272 9.0139065
273 9.478167
274 10.735741
275 12.647599
276 10.575926
277 9.881782
278 9.486525
279 11.814017
280 11.14111
281 9.656187
282 8.118538
283 9.025426
284 8.077269
285 8.66318
286 8.712923
287 9.156939
288 7.6817393
289 9.250731
290 7.637668
291 9.315308
292 8.981595
293 8.550172
294 8.641912
295 8.038706
296 9.452326
297 11.212145
298 9.692274
299 9.939825
300 9.411798
301 9.390184
302 9.791159
303 10.140362
304 10.803581
305 9.899278
306 9.517273
307 10.707248
308 11.561831
309 9.912706
310 9.800503
311 10.11508
312 9.601268
313 8.411091
314 9.578615
315 9.900969
316 9.201715
317 10.360274
318 9.523719
319 9.603706
320 9.137838
321 9.310927
322 10.280338
323 10.28241
324 9.04904
325 11.007664
326 8.473211
327 8.148277
328 8.757377
329 7.814801
330 9.501074
331 8.628763
332 8.178973
333 8.83209
334 9.204861
335 7.7633104
336 9.331802
337 8.678598
338 9.04747
339 8.931122
340 7.8437877
341 8.5425
342 8.241305
343 7.889616
344 10.208694
345 9.842564
346 8.576967
347 7.6773744
348 8.131393
349 8.797174
350 8.33473
351 8.590889
352 10.00592
353 10.161385
354 7.7485714
355 8.847379
356 9.825235
357 7.6113853
358 7.7540855
359 7.6338773
360 10.523523
361 8.049777
362 7.6350365
363 8.443556
364 9.617408
365 8.010746
366 10.297525
367 9.396527
368 8.844095
369 8.118601
370 7.4962687
371 8.190654
372 8.752104
373 8.092774
374 7.6323
375 7.346779
376 8.018347
377 7.9131374
378 8.844051
379 7.540515
380 6.633877
381 7.2756376
382 8.311048
383 8.995487
384 7.946281
385 8.097465
386 8.207359
387 8.374245
388 8.058815
389 9.330454
390 9.153341
391 7.589051
392 9.161627
393 9.956538
394 8.863155
395 8.148246
396 8.723828
397 8.5865555
398 8.300006
399 9.127793
400 8.537792
401 9.362865
402 9.541357
403 8.929104
404 9.975328
405 9.277906
406 10.0698805
407 10.498262
408 10.289837
409 8.750786
410 8.90537
411 8.500715
412 8.715061
413 8.648388
414 8.295697
415 8.631991
416 7.7323017
417 10.315342
418 8.80697
419 8.03492
420 8.520001
421 8.773972
422 8.20262
423 7.019884
424 7.312085
425 6.571234
426 8.392238
427 7.256853
428 7.4618025
429 7.6002846
430 6.8857665
431 8.01361
432 6.9878807
433 6.522629
434 7.316144
435 6.9136796
436 7.027769
437 6.9973135
438 7.5236683
439 6.3848276
440 6.7125044
441 6.5027895
442 7.451601
443 7.538767
444 7.668202
445 7.1619945
446 7.066925
447 7.037645
448 7.645271
449 7.12024
450 7.1861897
451 7.214339
452 7.4652185
453 7.044398
454 6.3919125
455 6.8956265
456 7.227063
457 7.7943983
458 7.964405
459 8.151125
460 8.258385
461 7.120494
462 8.814198
463 7.0824127
464 8.240707
465 7.673821
466 7.788136
467 8.211793
468 8.216911
469 10.55418
470 9.333341
471 7.4036503
472 8.126252
473 7.679395
474 9.661579
475 7.6820517
476 7.571477
477 7.4433384
478 7.478116
479 7.816876
480 7.060895
481 7.8594728
482 8.281366
483 7.5815916
484 6.7530975
485 7.7382107
486 7.417818
487 8.022198
488 8.266026
489 9.105125
490 10.323781
491 8.948463
492 10.534672
493 9.127227
494 9.475437
495 8.617966
496 10.191655
497 9.460894
498 10.931223
499 9.938442
