0 0.10227506
1 0.08222337
2 0.09520203
3 0.12697282
4 0.13615853
5 0.16314322
6 0.2020311
7 0.31533194
8 0.39387846
9 0.5087454
10 0.4541247
11 0.7803853
12 0.6938203
13 0.6525253
14 0.73906124
15 0.64277625
16 0.82608986
17 1.0518739
18 0.9486696
19 1.3709041
20 1.0507848
21 1.148885
22 1.4366469
23 1.8780925
24 1.4673477
25 1.3032266
26 1.5457487
27 1.8473002
28 2.0030026
29 2.098026
30 2.1300843
31 2.5095387
32 2.3216915
33 2.5297213
34 2.5942802
35 2.9442391
36 3.0468533
37 3.6604776
38 3.2913525
39 3.7947135
40 3.7344477
41 3.9131236
42 3.7274694
43 4.4898415
44 4.3181715
45 4.294252
46 4.67419
47 4.8418922
48 4.5356817
49 4.613631
50 4.803606
51 5.2587824
52 5.527604
53 4.5711284
54 5.169488
55 5.2969046
56 5.6462164
57 5.80464
58 5.490977
59 5.2043257
60 5.0652356
61 4.938056
62 5.8112655
63 6.0474496
64 5.108335
65 5.428917
66 5.696025
67 5.2161303
68 4.4482613
69 5.0341372
70 4.777087
71 5.079728
72 5.365725
73 7.035672
74 5.4340305
75 5.0799685
76 5.774406
77 6.442705
78 5.7430315
79 5.474667
80 5.4873543
81 5.848604
82 7.745731
83 6.13859
84 5.8639684
85 6.029602
86 7.359192
87 6.3054285
88 8.089024
89 8.221451
90 7.1518593
91 6.457776
92 7.848291
93 6.4641
94 8.614052
95 8.9830675
96 8.400377
97 8.122844
98 8.235994
99 8.136681
100 8.250848
101 7.949193
102 8.02519
103 7.7575016
104 8.594053
105 9.411385
106 8.494076
107 7.772893
108 8.04009
109 8.32912
110 7.3031425
111 7.50787
112 7.320991
113 8.325022
114 8.149216
115 8.079575
116 9.569199
117 7.7501683
118 7.768371
119 8.839185
120 9.069645
121 7.9123945
122 9.982811
123 10.818486
124 10.0918865
125 9.479145
126 9.105305
127 10.842012
128 8.899532
129 10.756009
130 10.228092
131 8.9273405
132 10.371927
133 9.577124
134 9.533892
135 10.079476
136 10.568694
137 10.066188
138 10.733975
139 10.710228
140 13.056496
141 10.064287
142 11.179722
143 12.150414
144 9.986362
145 8.74602
146 13.022785
147 10.821068
148 12.667492
149 10.4919815
150 11.251168
151 9.978622
152 9.397151
153 8.180331
154 9.137874
155 9.562239
156 10.003569
157 10.045401
158 12.349176
159 10.706957
160 10.675615
161 10.664646
162 9.739136
163 9.134401
164 10.327337
165 10.452875
166 9.838207
167 11.186306
168 9.871883
169 11.629454
170 8.961134
171 11.689495
172 8.996808
173 9.476415
174 9.537245
175 8.336308
176 9.668751
177 9.050079
178 7.9301233
179 7.902835
180 8.962753
181 8.551632
182 9.085062
183 8.9042
184 11.103593
185 9.585268
186 9.775811
187 9.93384
188 8.180925
189 9.0372305
190 10.869459
191 9.586868
192 8.989128
193 9.326803
194 9.005913
195 8.394603
196 8.334485
197 9.237491
198 9.043577
199 9.570975
200 9.497898
201 8.239933
202 8.936879
203 8.426981
204 8.3772545
205 9.208771
206 8.225327
207 8.388792
208 8.06345
209 9.935381
210 8.903096
211 9.235647
212 10.477594
213 11.177662
214 8.015343
215 9.170893
216 8.168398
217 8.2692175
218 8.456125
219 8.527187
220 8.581381
221 8.483035
222 8.988014
223 8.7093315
224 7.9838624
225 8.889683
226 9.194164
227 8.815529
228 9.532909
229 9.758789
230 10.040318
231 9.538309
232 8.162119
233 9.023378
234 8.644133
235 8.137117
236 7.84371
237 9.231138
238 9.077111
239 8.7679615
240 9.320873
241 8.356148
242 9.66309
243 8.830466
244 10.678404
245 8.347313
246 10.1136265
247 10.0217705
248 9.076702
249 9.371397
250 9.449345
251 9.955003
252 10.017511
253 9.649977
254 8.252367
255 9.320132
256 10.092773
257 9.872735
258 8.683194
259 9.985973
260 10.792358
261 9.584603
262 9.843901
263 11.88064
264 9.556972
265 9.4994755
266 9.192276
267 9.08358
268 7.735384
269 8.697042
270 8.671206
271 8.33157
272 9.20027
273 9.164239
274 9.756607
275 9.476729
276 8.798546
277 8.563738
278 9.20644
279 8.60077
280 8.761843
281 8.906982
282 8.234425
283 8.064443
284 8.581052
285 8.551648
286 10.191214
287 8.296041
288 8.3818
289 8.400502
290 8.691095
291 7.939964
292 8.011612
293 8.609747
294 8.968092
295 8.566056
296 8.879675
297 7.7120314
298 8.811505
299 7.9212246
300 8.419896
301 8.957673
302 8.493706
303 7.912415
304 8.529604
305 8.225012
306 8.900831
307 10.132243
308 8.594376
309 9.460945
310 10.617263
311 11.003222
312 9.088974
313 9.846867
314 8.996645
315 9.261189
316 9.519769
317 10.923096
318 10.156294
319 10.882234
320 12.4847
321 9.770126
322 9.654727
323 10.577375
324 10.460643
325 9.553816
326 10.077879
327 10.976522
328 9.51086
329 9.854304
330 9.527948
331 9.483902
332 9.768
333 9.066399
334 9.234773
335 9.757084
336 8.532957
337 8.959017
338 10.221084
339 9.218446
340 8.760706
341 9.857716
342 8.54298
343 10.359227
344 9.59248
345 10.020916
346 10.36772
347 9.817739
348 10.08094
349 9.65234
350 9.764466
351 10.657396
352 10.7602825
353 10.753771
354 10.433321
355 10.554563
356 10.804966
357 10.703806
358 11.77302
359 11.44343
360 11.056761
361 10.811664
362 13.279579
363 13.348595
364 11.136251
365 11.315751
366 11.578234
367 13.400258
368 12.621419
369 13.428194
370 12.911369
371 12.866621
372 12.083656
373 11.461397
374 11.761501
375 10.546797
376 12.284203
377 10.841507
378 11.366278
379 12.639726
380 10.991104
381 11.63705
382 11.806144
383 12.350812
384 11.204081
385 12.073275
386 12.835205
387 14.104418
388 12.429088
389 13.874525
390 14.65264
391 11.977796
392 13.308281
393 11.30331
394 11.21393
395 9.857313
396 11.401082
397 10.968185
398 10.887327
399 9.654074
400 11.686449
401 10.197382
402 11.076607
403 10.522564
404 10.739494
405 13.443705
406 10.6608305
407 10.287193
408 10.398142
409 10.114727
410 9.50122
411 11.130041
412 10.991797
413 10.718621
414 11.4466915
415 10.142372
416 10.866783
417 10.899963
418 10.742954
419 10.540555
420 10.735952
421 12.666985
422 10.702013
423 9.355585
424 8.846412
425 9.005118
426 8.867228
427 9.544176
428 9.605312
429 9.472123
430 8.492601
431 9.191589
432 7.9922643
433 9.947747
434 9.426155
435 9.890191
436 9.502741
437 9.176942
438 9.648311
439 9.700453
440 9.753881
441 9.320682
442 9.139719
443 9.222573
444 9.512152
445 9.176174
446 9.082465
447 9.372904
448 8.067495
449 7.6827087
450 8.693083
451 8.959547
452 10.197524
453 9.999634
454 11.852152
455 11.210802
456 10.605034
457 11.109215
458 10.2023735
459 10.047811
460 9.862481
461 10.634459
462 9.174543
463 9.566875
464 11.626709
465 12.435845
466 10.904118
467 10.063335
468 10.967977
469 10.950024
470 11.5482855
471 12.72249
472 11.820254
473 9.8152485
474 10.184129
475 10.259676
476 10.177654
477 10.792806
478 10.217563
479 12.130875
480 11.059778
481 9.11297
482 9.299223
483 11.566792
484 9.700549
485 9.534882
486 10.8242035
487 9.382022
488 9.60525
489 8.716782
490 9.065983
491 8.868296
492 8.897173
493 10.235716
494 9.281434
495 9.720464
496 10.714155
497 10.768093
498 9.911494
499 10.493485
