0 0.0778095
1 0.087112874
2 0.069986574
3 0.09425171
4 0.13644457
5 0.16518039
6 0.1981036
7 0.21740407
8 0.26748687
9 0.34003282
10 0.48242953
11 0.48208147
12 0.5867375
13 0.83279234
14 0.8666265
15 0.8702649
16 1.2052296
17 0.9104718
18 1.2202246
19 1.647607
20 1.5455737
21 1.6439235
22 1.696823
23 1.7059627
24 2.0876799
25 1.7517214
26 1.603613
27 1.802337
28 2.1761599
29 2.0672197
30 2.0729332
31 2.373608
32 2.460421
33 2.3476818
34 2.0394373
35 2.135151
36 2.1984897
37 2.3518262
38 2.3510318
39 2.6203651
40 2.7825737
41 2.232306
42 2.9150083
43 2.7562835
44 2.9379644
45 2.8990498
46 2.8072395
47 2.9215338
48 2.883612
49 2.6577342
50 3.3336272
51 3.3919992
52 3.5675352
53 3.7195146
54 4.052725
55 4.2358174
56 4.5670366
57 5.7943635
58 5.246471
59 4.666362
60 4.7191215
61 4.7045684
62 5.061612
63 5.3353586
64 4.9272223
65 4.783762
66 5.1232624
67 5.209961
68 5.898554
69 5.3776226
70 5.314064
71 5.286785
72 6.53975
73 5.164666
74 5.6924825
75 5.3837013
76 5.576644
77 6.562852
78 6.6446137
79 7.703509
80 6.9861784
81 6.360386
82 7.0155687
83 6.972329
84 7.083091
85 8.199315
86 7.934611
87 9.293047
88 8.365664
89 7.347447
90 6.4108806
91 7.61205
92 7.5808477
93 7.889488
94 8.150229
95 8.688283
96 7.3248725
97 7.3200502
98 7.5991497
99 8.6943245
100 7.4418993
101 7.4609423
102 7.6861277
103 7.1489515
104 6.40687
105 6.099062
106 6.276647
107 6.587584
108 5.625995
109 5.553333
110 6.2327433
111 6.625753
112 5.8960195
113 5.965165
114 6.408623
115 6.6086154
116 6.7882276
117 5.730851
118 6.5967503
119 6.1059785
120 7.0477953
121 5.9639254
122 8.956974
123 7.7348795
124 7.398512
125 9.2107315
126 6.7257996
127 9.306431
128 7.745852
129 9.505396
130 9.089567
131 8.467907
132 7.5110598
133 8.657955
134 8.174028
135 7.8957677
136 8.433654
137 10.249982
138 9.027324
139 8.877384
140 8.214035
141 8.541715
142 8.173546
143 7.966947
144 8.446065
145 9.266481
146 8.164899
147 8.737467
148 7.446311
149 8.681673
150 9.031517
151 8.079109
152 6.9525666
153 8.026974
154 8.163521
155 7.566183
156 8.117796
157 8.295838
158 8.843815
159 8.213654
160 7.905346
161 8.809203
162 8.305062
163 9.125422
164 8.544024
165 8.628407
166 8.046169
167 8.485983
168 7.9991083
169 8.778316
170 9.972865
171 8.118548
172 8.3448925
173 8.537146
174 9.202575
175 8.8902645
176 8.575887
177 9.006212
178 8.559174
179 8.579952
180 7.6319504
181 8.762173
182 8.348037
183 8.587507
184 8.35988
185 7.7694464
186 8.386025
187 7.914767
188 8.298307
189 9.373811
190 7.92061
191 9.482853
192 7.767955
193 8.464365
194 9.195039
195 7.6614685
196 8.724319
197 9.058638
198 8.867875
199 8.566518
200 7.951001
201 7.4757314
202 9.096648
203 8.754958
204 7.269434
205 7.546131
206 7.385045
207 7.6209807
208 7.0673866
209 7.036152
210 7.131677
211 6.808407
212 8.227133
213 7.479248
214 6.4300117
215 8.807073
216 6.9921727
217 7.1669903
218 6.5371895
219 6.412248
220 7.112061
221 6.506898
222 7.370444
223 7.7493563
224 7.8821096
225 7.417079
226 8.831594
227 7.974767
228 7.1152825
229 7.8199625
230 8.033836
231 8.837634
232 9.433311
233 9.889364
234 11.178394
235 8.691517
236 8.565678
237 8.758694
238 9.096331
239 8.414679
240 9.133056
241 8.50022
242 8.926148
243 9.635162
244 9.081831
245 8.96169
246 8.685689
247 9.288686
248 10.162682
249 8.673996
250 8.698592
251 8.0380125
252 9.029549
253 9.424646
254 8.54958
255 8.312023
256 10.216188
257 9.09161
258 8.752559
259 8.771929
260 8.551565
261 8.469428
262 7.987602
263 8.17158
264 8.493628
265 8.149441
266 8.574183
267 8.290354
268 9.316934
269 9.5557
270 8.049454
271 8.848091
272 9.041119
273 8.4617195
274 8.699066
275 8.392609
276 9.08288
277 8.604805
278 10.621281
279 9.456639
280 7.655623
281 7.9455695
282 8.551193
283 8.830874
284 10.704316
285 8.476631
286 10.46563
287 8.946974
288 7.797631
289 7.8255596
290 9.835495
291 9.935589
292 8.840849
293 8.804501
294 8.918882
295 8.683179
296 9.672831
297 8.28051
298 7.677147
299 8.407877
300 9.029922
301 8.337221
302 7.8852777
303 8.653614
304 8.55723
305 9.036203
306 8.663908
307 8.114425
308 8.438396
309 8.938145
310 9.690385
311 9.168579
312 8.420933
313 9.127562
314 9.621362
315 9.392229
316 9.598541
317 8.08225
318 8.964108
319 8.73104
320 8.683121
321 8.743571
322 7.558728
323 7.638429
324 7.561367
325 7.7141905
326 7.2161493
327 7.71484
328 9.090015
329 8.61289
330 8.338228
331 7.761526
332 8.442567
333 7.4941535
334 9.337416
335 8.077872
336 9.3214035
337 8.718775
338 8.305536
339 9.729353
340 9.8029785
341 10.554532
342 11.267023
343 9.573891
344 9.809902
345 10.878122
346 10.984829
347 11.57691
348 12.089012
349 10.799002
350 10.528923
351 10.9032
352 11.490789
353 9.2719
354 10.34406
355 10.03813
356 9.988642
357 11.537277
358 11.324991
359 11.761898
360 11.185272
361 10.562939
362 9.8868685
363 10.295861
364 10.398142
365 9.150848
366 10.1399555
367 9.487023
368 10.168571
369 10.183576
370 9.735167
371 9.728855
372 8.059349
373 9.19534
374 9.555663
375 8.936327
376 9.388784
377 8.720733
378 8.861612
379 8.237544
380 8.1671
381 9.180819
382 8.91945
383 8.825066
384 8.500389
385 8.483528
386 8.019386
387 7.959171
388 8.415784
389 8.6870775
390 8.859383
391 8.280027
392 11.210613
393 7.924722
394 8.5921545
395 8.945084
396 8.643564
397 8.16691
398 8.575115
399 9.231758
400 8.497126
401 9.253229
402 9.142921
403 9.758423
404 9.104132
405 11.857327
406 8.682583
407 10.362423
408 10.940258
409 9.171547
410 10.1399975
411 9.725693
412 8.761042
413 9.288631
414 8.699091
415 9.213137
416 9.241481
417 9.1163645
418 9.772148
419 9.725039
420 9.44874
421 11.1703205
422 9.414408
423 8.494625
424 9.328762
425 9.864549
426 9.558712
427 9.038303
428 9.84712
429 10.131383
430 12.658658
431 9.401776
432 9.446946
433 9.050243
434 10.368368
435 9.460063
436 10.2623625
437 8.583405
438 9.11892
439 9.775527
440 10.447916
441 9.843647
442 8.629803
443 9.977291
444 9.244063
445 9.4071045
446 9.5062065
447 9.354595
448 10.224295
449 10.022783
450 9.756354
451 10.948295
452 10.308056
453 10.393408
454 10.278444
455 10.625015
456 10.789217
457 11.199662
458 11.276804
459 10.335335
460 10.701357
461 10.437956
462 11.831116
463 10.707469
464 11.963987
465 11.9444275
466 11.675293
467 11.192371
468 11.321228
469 10.746451
470 10.994594
471 10.921055
472 10.436516
473 11.715508
474 10.545296
475 11.241351
476 11.491436
477 12.512854
478 10.478338
479 10.443165
480 11.147316
481 9.640459
482 9.577675
483 9.234495
484 9.506664
485 8.705197
486 8.7338295
487 8.709232
488 10.550917
489 10.5119095
490 9.18896
491 9.266946
492 8.158686
493 8.232576
494 8.211443
495 8.688007
496 8.679035
497 8.598383
498 8.504629
499 8.738541
