0 0.03014369
1 0.027862458
2 0.036907785
3 0.06171215
4 0.05593273
5 0.10587822
6 0.13502127
7 0.15199782
8 0.17116858
9 0.23111898
10 0.2973712
11 0.2846964
12 0.2424743
13 0.3103693
14 0.28372315
15 0.62734044
16 0.5840381
17 0.63202894
18 0.66489303
19 0.6171857
20 0.6941418
21 0.689137
22 0.7750464
23 1.015266
24 1.0454398
25 0.82431316
26 0.9776222
27 1.0506954
28 1.0204757
29 1.5205827
30 1.1128218
31 1.2371647
32 1.4869671
33 1.3479476
34 1.4289707
35 1.3317045
36 1.5323173
37 1.7009718
38 1.6483177
39 1.7851174
40 1.5609384
41 1.8088211
42 1.8995727
43 2.0276628
44 2.4307094
45 2.3221898
46 2.023879
47 2.352588
48 2.326428
49 2.8477721
50 2.7062821
51 2.779864
52 2.3617399
53 2.9260333
54 2.894946
55 3.321079
56 2.8579233
57 2.7443929
58 3.0174105
59 2.9579005
60 2.9799507
61 3.0852156
62 3.3715837
63 3.829072
64 3.5102978
65 3.5442588
66 3.529487
67 4.0990243
68 3.8314588
69 3.6516182
70 3.6264496
71 3.846179
72 4.4238358
73 4.238631
74 4.261006
75 4.1498547
76 4.0009723
77 4.524844
78 4.146175
79 4.8886485
80 4.620293
81 4.4196715
82 4.546873
83 3.8001606
84 4.397799
85 4.891422
86 5.5237584
87 4.9579816
88 5.915967
89 5.059277
90 4.7783575
91 5.458743
92 5.195531
93 4.907867
94 5.7821817
95 4.83531
96 5.9831767
97 5.6518474
98 6.5316386
99 6.7429566
100 5.0830755
101 6.3468156
102 6.09961
103 5.9390993
104 5.6138935
105 5.94506
106 6.103917
107 5.1843605
108 6.1882715
109 6.5881047
110 6.652625
111 6.31257
112 6.88775
113 5.626095
114 5.9975905
115 6.282969
116 6.8349614
117 7.425357
118 6.1253448
119 7.617852
120 6.5180254
121 6.9000983
122 8.287866
123 8.099969
124 7.587883
125 7.174962
126 7.0052834
127 7.522758
128 7.6132636
129 8.734526
130 8.955942
131 7.1876326
132 7.491358
133 8.079308
134 7.438574
135 8.056983
136 7.199737
137 6.926774
138 6.5799646
139 7.847929
140 7.666575
141 7.86277
142 7.5377584
143 8.032248
144 8.111235
145 7.6106224
146 8.051338
147 8.445737
148 7.5808797
149 7.8043766
150 6.088245
151 6.5433226
152 6.265931
153 8.047402
154 7.374581
155 7.629601
156 8.18572
157 7.5356636
158 8.96429
159 8.073418
160 8.058103
161 7.7956777
162 8.011883
163 8.970133
164 8.979182
165 8.115235
166 8.946597
167 8.444046
168 8.250555
169 8.597873
170 8.687837
171 9.885967
172 10.250315
173 10.508391
174 8.61446
175 8.120259
176 8.674846
177 9.934803
178 9.408777
179 8.546039
180 8.478043
181 9.4317875
182 8.644354
183 9.097554
184 8.466447
185 8.341768
186 8.597453
187 8.968688
188 8.401236
189 8.120788
190 8.18823
191 9.2080345
192 9.191786
193 9.791079
194 8.888356
195 10.25323
196 8.74302
197 9.66505
198 8.406914
199 8.546689
200 7.828925
201 9.171401
202 8.320994
203 9.464057
204 9.194494
205 9.3977165
206 10.742219
207 10.08836
208 9.177002
209 9.769516
210 10.795829
211 9.16739
212 9.602347
213 9.669442
214 9.831412
215 10.663662
216 10.287532
217 9.87546
218 9.14156
219 9.977359
220 10.00326
221 8.661106
222 10.872358
223 8.455381
224 9.770147
225 8.812654
226 9.893082
227 8.594857
228 9.572671
229 10.437963
230 10.4606905
231 10.266957
232 10.094697
233 9.404986
234 9.425547
235 9.161714
236 10.711832
237 9.640428
238 10.770636
239 9.492041
240 9.592695
241 10.442484
242 9.918152
243 9.744065
244 9.164128
245 8.513068
246 9.30395
247 8.924031
248 8.91954
249 8.837835
250 8.350679
251 9.194995
252 8.921903
253 8.866015
254 9.147557
255 9.116332
256 8.976125
257 9.096106
258 9.384839
259 8.689289
260 8.659331
261 9.994448
262 9.039772
263 10.176777
264 9.6398
265 9.293871
266 8.615208
267 9.624466
268 9.770216
269 9.353687
270 8.913978
271 9.064141
272 8.922667
273 9.028857
274 9.630746
275 9.078397
276 8.833605
277 9.160378
278 9.278138
279 9.859177
280 9.410495
281 9.446466
282 10.054713
283 10.00254
284 10.880647
285 11.536418
286 10.492043
287 11.59045
288 10.052468
289 10.163504
290 10.648118
291 9.471735
292 9.351743
293 9.122977
294 9.797747
295 9.683086
296 9.499865
297 10.006253
298 9.718741
299 10.142357
300 10.170127
301 9.451654
302 9.0756035
303 8.687911
304 8.443883
305 9.767186
306 10.2351055
307 9.81251
308 9.573065
309 10.004127
310 10.042782
311 10.229241
312 9.356322
313 9.6507635
314 10.018142
315 10.30422
316 10.699951
317 9.277594
318 9.565435
319 10.94666
320 10.209311
321 10.689245
322 9.410055
323 9.273432
324 10.305076
325 9.99032
326 10.0104885
327 9.592497
328 9.656291
329 8.957889
330 9.697654
331 10.157513
332 9.493035
333 10.326364
334 9.645718
335 8.579123
336 9.481398
337 9.411044
338 11.386255
339 8.55196
340 9.0429325
341 8.783622
342 9.651006
343 10.28783
344 9.09695
345 9.914958
346 8.333012
347 9.844065
348 9.730074
349 8.92169
350 9.623978
351 9.682981
352 9.883655
353 9.428154
354 10.345826
355 9.546421
356 9.471187
357 9.576697
358 9.790265
359 9.416183
360 9.936525
361 10.571413
362 11.274704
363 9.966631
364 9.306313
365 10.000631
366 10.139337
367 9.91451
368 10.0596285
369 10.832029
370 10.5470495
371 10.909084
372 10.428625
373 9.835881
374 9.436966
375 9.270523
376 9.87818
377 9.717916
378 9.980564
379 9.4411745
380 9.545965
381 9.11027
382 9.59341
383 9.1275
384 9.328637
385 8.302547
386 8.6210785
387 8.761598
388 9.667303
389 8.66786
390 9.172303
391 8.673874
392 9.272776
393 8.222528
394 8.693211
395 8.996013
396 8.881
397 8.406624
398 8.494914
399 9.142597
400 9.1559
401 8.405001
402 8.603815
403 8.648608
404 9.178678
405 8.62506
406 8.647316
407 8.23438
408 8.8565
409 9.704746
410 9.208046
411 10.578783
412 10.304448
413 9.837572
414 9.242095
415 8.7858
416 10.060876
417 10.705117
418 11.100458
419 12.676713
420 10.0306225
421 10.101404
422 10.278007
423 8.929059
424 9.935454
425 8.875808
426 9.863449
427 10.186606
428 10.011671
429 10.533629
430 10.207325
431 10.487245
432 9.533936
433 11.345089
434 9.406532
435 10.146182
436 9.178142
437 9.9694805
438 10.078559
439 10.295888
440 9.988453
441 10.790516
442 10.042411
443 9.291466
444 10.881792
445 11.085642
446 8.36475
447 10.372536
448 10.220061
449 10.092352
450 9.081994
451 9.722067
452 9.922762
453 10.102454
454 9.146591
455 9.790334
456 9.732306
457 9.229687
458 10.64774
459 10.6572895
460 10.360288
461 9.105825
462 10.699182
463 10.794639
464 10.485745
465 11.730077
466 10.405385
467 12.171971
468 10.593298
469 10.520364
470 11.574748
471 10.614791
472 10.578769
473 10.6607275
474 9.985472
475 10.432252
476 9.551068
477 9.104743
478 10.938787
479 11.36241
480 9.517314
481 9.052047
482 10.080027
483 9.889795
484 9.207106
485 10.013103
486 8.623471
487 8.972367
488 8.958987
489 9.1945
490 9.559229
491 8.25875
492 9.094455
493 8.384375
494 8.601926
495 9.553438
496 8.451462
497 9.058422
498 8.457673
499 10.022706
