0 0.071708456
1 0.07764837
2 0.08046794
3 0.12167498
4 0.12607777
5 0.17592335
6 0.23156977
7 0.2875018
8 0.31058103
9 0.32673618
10 0.4358195
11 0.5154271
12 0.5132294
13 0.6980555
14 1.1524593
15 0.7201153
16 0.9402958
17 0.9349127
18 1.1685165
19 1.1112769
20 1.4236751
21 1.498203
22 1.7688786
23 1.5913336
24 1.8703573
25 1.6995248
26 1.8105582
27 2.5333471
28 1.9530813
29 1.9221854
30 1.8892217
31 2.2568479
32 2.3712146
33 2.3998547
34 3.1553745
35 3.6357002
36 3.9285102
37 3.4983149
38 3.409971
39 2.9968622
40 3.3718238
41 3.3503408
42 3.4031084
43 2.8266315
44 2.8101246
45 3.004179
46 3.042737
47 3.608181
48 4.274117
49 4.9120984
50 3.9469543
51 4.157607
52 3.818654
53 3.550737
54 4.1371937
55 4.163247
56 4.4339724
57 3.8928359
58 4.0261297
59 3.983934
60 4.480579
61 4.6549644
62 4.108425
63 5.112259
64 4.7432113
65 4.174518
66 3.4892833
67 4.492551
68 5.215089
69 5.3672647
70 5.1919074
71 4.2312956
72 3.7377071
73 3.7420812
74 4.0103993
75 4.688401
76 5.173222
77 4.508566
78 5.533192
79 5.363894
80 5.5604296
81 8.369015
82 5.023206
83 7.5627995
84 6.2062416
85 6.713731
86 5.429637
87 5.014267
88 4.976155
89 5.3600707
90 4.461136
91 6.683556
92 7.091546
93 4.9847455
94 5.3806705
95 5.453076
96 5.257333
97 5.806883
98 4.6171546
99 5.040301
100 5.46778
101 6.0412483
102 5.4517655
103 5.3430023
104 7.189276
105 4.8829193
106 7.0179195
107 5.0223036
108 4.8197355
109 5.936492
110 6.700748
111 6.0256147
112 6.3749866
113 5.7065315
114 6.568637
115 6.293476
116 5.3186216
117 5.201082
118 6.563645
119 6.993681
120 5.9869804
121 7.4277925
122 7.339845
123 6.221659
124 6.1651983
125 7.208749
126 7.086799
127 6.815936
128 10.087729
129 7.376492
130 7.61165
131 9.221258
132 7.372463
133 7.3715267
134 7.6705914
135 7.318649
136 7.2739863
137 7.4949207
138 6.2823877
139 7.6011972
140 7.3052235
141 6.828478
142 6.6329594
143 7.213092
144 7.9170933
145 8.026064
146 8.100957
147 7.9231677
148 7.530487
149 7.0827904
150 7.6446514
151 8.409425
152 7.4427505
153 9.034014
154 8.19713
155 8.012219
156 8.986844
157 14.340528
158 9.226794
159 8.201468
160 8.630672
161 8.077028
162 8.5867
163 8.690784
164 8.970785
165 9.166115
166 8.525855
167 8.73828
168 9.368361
169 8.661661
170 8.763643
171 9.26627
172 8.262661
173 9.257906
174 7.566726
175 8.595009
176 8.021266
177 7.866212
178 8.461155
179 8.745659
180 8.941952
181 9.131501
182 8.681661
183 8.735607
184 8.992115
185 9.779125
186 9.365579
187 10.109365
188 10.69332
189 12.309156
190 11.687026
191 9.459369
192 12.316469
193 11.125994
194 11.467262
195 10.557406
196 12.097328
197 11.502567
198 12.715307
199 10.923561
200 14.516384
201 11.8845825
202 13.299284
203 10.188206
204 9.974789
205 8.771318
206 8.098864
207 10.724408
208 9.956587
209 10.487175
210 11.155283
211 11.410812
212 11.703785
213 10.339964
214 9.252067
215 11.870125
216 10.966962
217 12.606448
218 10.884006
219 10.906778
220 12.029531
221 13.667595
222 11.295326
223 10.217886
224 11.066379
225 12.442022
226 10.070817
227 10.698587
228 10.87607
229 11.850672
230 11.463163
231 11.37435
232 10.550722
233 12.177908
234 12.894864
235 14.744904
236 13.297691
237 12.112728
238 13.52269
239 14.271635
240 12.566171
241 12.206262
242 12.64056
243 11.871064
244 11.559769
245 12.052587
246 11.356832
247 12.335098
248 11.667698
249 12.236512
250 11.351759
251 10.658055
252 9.958224
253 10.418815
254 9.818433
255 9.622315
256 10.071604
257 10.296862
258 9.908598
259 9.96615
260 10.668779
261 11.174206
262 10.559202
263 11.008265
264 11.614856
265 9.745019
266 11.030049
267 10.88838
268 9.484877
269 11.3157215
270 10.621151
271 13.4981365
272 9.830986
273 9.152018
274 9.237724
275 9.490375
276 9.422745
277 8.487971
278 9.432005
279 9.071173
280 9.726891
281 9.627994
282 10.7582855
283 9.153906
284 9.18915
285 8.309242
286 9.233844
287 8.812822
288 10.166701
289 9.917152
290 9.954943
291 10.499157
292 9.185608
293 9.991984
294 8.982634
295 10.981557
296 10.067167
297 10.47505
298 9.285342
299 8.481006
300 8.490807
301 9.577959
302 9.682747
303 10.853971
304 8.900878
305 8.434028
306 8.565306
307 9.042007
308 9.375023
309 8.547465
310 9.70134
311 10.27823
312 10.954918
313 10.830735
314 9.987555
315 11.959204
316 9.47669
317 9.5776205
318 9.149258
319 9.478991
320 10.817732
321 10.801694
322 10.417011
323 10.220204
324 11.358347
325 10.960894
326 10.591317
327 12.6804695
328 10.979183
329 10.4869795
330 11.316704
331 10.355911
332 9.735689
333 9.365402
334 10.3119335
335 9.539545
336 10.312375
337 10.320018
338 9.634848
339 11.290869
340 11.128508
341 11.108898
342 11.142465
343 12.344572
344 10.965066
345 11.218167
346 10.830864
347 10.428805
348 10.341296
349 9.492007
350 8.5318775
351 8.686728
352 8.798601
353 8.606795
354 8.73806
355 8.96985
356 8.716204
357 9.61149
358 9.678272
359 9.019343
360 10.244339
361 9.190521
362 9.946674
363 8.723097
364 10.919218
365 11.42305
366 11.400715
367 9.23624
368 8.985425
369 8.335285
370 8.864695
371 8.3686695
372 8.493096
373 10.208701
374 9.911154
375 7.6142597
376 8.045223
377 8.597633
378 8.301711
379 10.781094
380 9.017963
381 9.664256
382 9.128834
383 11.307081
384 9.311146
385 9.376244
386 10.248024
387 9.349127
388 9.854435
389 9.6776495
390 10.085363
391 11.505653
392 10.613327
393 9.375675
394 11.312048
395 9.775023
396 9.163059
397 9.796741
398 9.021786
399 9.119117
400 9.1050415
401 9.525589
402 8.138155
403 9.3100815
404 9.580744
405 8.900778
406 10.029577
407 10.061998
408 9.984031
409 9.117029
410 9.0425415
411 9.1136055
412 11.190071
413 11.176936
414 8.068952
415 8.573366
416 8.652702
417 9.158392
418 8.326402
419 8.44813
420 9.270802
421 8.472455
422 8.900011
423 9.26462
424 10.15399
425 10.142029
426 8.3483305
427 8.731374
428 13.5260315
429 10.69534
430 8.371991
431 9.537683
432 8.416101
433 11.3359165
434 9.56715
435 11.305195
436 8.941694
437 8.568637
438 7.578459
439 7.930663
440 8.832668
441 7.7496204
442 7.804002
443 7.0258684
444 8.359424
445 8.163614
446 8.639389
447 7.6926055
448 7.3153267
449 7.378592
450 9.000053
451 9.075659
452 9.302063
453 9.602222
454 11.039403
455 10.110149
456 9.3156805
457 8.099389
458 9.394658
459 7.933726
460 8.956625
461 10.655614
462 7.82737
463 8.855343
464 8.718948
465 10.067887
466 9.568338
467 8.472279
468 9.725689
469 8.39533
470 8.385876
471 8.179718
472 8.928157
473 10.101099
474 9.525179
475 9.86516
476 10.034736
477 9.931549
478 10.063341
479 10.780931
480 10.260197
481 9.88987
482 12.082857
483 10.789217
484 9.4191885
485 11.906399
486 9.884526
487 10.900127
488 12.285812
489 11.262243
490 11.281204
491 11.145953
492 12.767142
493 13.202393
494 10.268848
495 12.54992
496 10.56558
497 10.234116
498 10.341881
499 10.937246
