0 0.064172596
1 0.06913885
2 0.08296841
3 0.12236664
4 0.16676745
5 0.18063448
6 0.21176961
7 0.2795434
8 0.27158737
9 0.36414278
10 0.4184276
11 0.5158251
12 0.79277253
13 0.6696222
14 0.6214111
15 0.7802774
16 0.9625436
17 0.84848285
18 0.99959826
19 0.81372625
20 0.86753106
21 1.1110253
22 1.1956612
23 1.6637952
24 1.8452826
25 1.7460719
26 1.7761533
27 1.7191793
28 1.8598039
29 1.8258559
30 1.8692368
31 2.6459603
32 2.4324138
33 2.332716
34 2.408348
35 3.1524982
36 2.7779837
37 3.1678395
38 3.067824
39 2.6786215
40 3.0510159
41 3.2000618
42 3.1258132
43 3.4998395
44 3.2525263
45 2.8925304
46 3.3842192
47 3.4030912
48 3.2529562
49 3.1983554
50 3.653473
51 3.3905025
52 3.4881966
53 3.2510068
54 2.8194833
55 3.660304
56 3.6628718
57 4.298472
58 4.1319265
59 3.829236
60 4.4426265
61 3.9614468
62 3.781856
63 3.9305377
64 3.7726948
65 4.269176
66 4.4057302
67 4.990012
68 4.379757
69 4.789234
70 4.351667
71 4.6780396
72 5.498445
73 5.0945296
74 4.3295403
75 4.921876
76 4.8198395
77 4.8800383
78 5.638402
79 6.432541
80 5.190874
81 6.238321
82 5.721608
83 6.0587134
84 5.9207916
85 5.5579925
86 6.1781096
87 6.2044125
88 5.8078747
89 5.4399734
90 5.9165506
91 5.712928
92 6.2853513
93 6.22701
94 5.924211
95 5.7177663
96 5.7485967
97 6.1186104
98 6.121667
99 6.6158695
100 7.099057
101 6.425535
102 6.64159
103 7.977744
104 6.625802
105 7.923768
106 6.304985
107 6.447085
108 6.3133187
109 6.804079
110 7.653861
111 6.1774826
112 6.7786455
113 7.1617966
114 5.7464404
115 6.1011095
116 6.7544355
117 6.432061
118 7.0663266
119 7.109728
120 6.9212036
121 7.0633936
122 7.552333
123 6.9507666
124 7.9899044
125 7.5317087
126 8.942893
127 7.2946367
128 8.428118
129 7.6457744
130 6.8000627
131 9.17409
132 6.9973574
133 7.940686
134 8.541959
135 7.3125706
136 8.005492
137 7.5632133
138 8.329668
139 7.3153725
140 7.108405
141 6.4490147
142 7.955222
143 7.138001
144 7.264012
145 7.290311
146 6.829327
147 6.9187117
148 7.233448
149 6.7491636
150 6.9987316
151 6.0418797
152 7.311759
153 6.6246552
154 7.42854
155 7.077612
156 6.9881916
157 6.086989
158 6.398179
159 7.181875
160 7.7759
161 7.9265504
162 7.500452
163 8.268096
164 7.774683
165 9.167519
166 9.4431305
167 9.073852
168 9.005597
169 8.708744
170 9.450932
171 9.94971
172 8.988426
173 8.784582
174 8.734908
175 9.235807
176 9.6321945
177 8.786583
178 8.871004
179 9.692604
180 9.3494215
181 8.996472
182 9.0390625
183 9.370233
184 7.8276253
185 8.64201
186 8.474441
187 9.274294
188 7.905011
189 8.44714
190 8.227856
191 8.339908
192 7.9657125
193 8.38084
194 8.689352
195 9.411539
196 8.531998
197 7.415048
198 8.0977545
199 8.350705
200 9.502844
201 9.012881
202 8.563915
203 7.638158
204 7.8385653
205 8.569779
206 8.346327
207 8.452334
208 7.304896
209 7.771259
210 7.8504486
211 7.7007775
212 8.638141
213 7.252143
214 7.2535152
215 7.613158
216 6.9986677
217 7.154564
218 8.266361
219 6.860715
220 8.068151
221 8.668459
222 7.5696716
223 8.25864
224 8.754133
225 7.0525637
226 7.940116
227 7.9388633
228 7.9089894
229 8.916523
230 9.724039
231 7.5294476
232 8.681353
233 8.133894
234 8.342074
235 8.646317
236 10.163679
237 9.316401
238 8.042326
239 8.0778475
240 7.590701
241 9.084513
242 7.017866
243 7.317896
244 6.795617
245 8.177809
246 6.352311
247 6.9130883
248 6.1158104
249 8.804417
250 6.98191
251 6.4927077
252 6.345169
253 5.981374
254 6.0533433
255 5.8885474
256 5.8419538
257 5.987461
258 5.902774
259 6.094288
260 5.8089643
261 5.659356
262 7.181278
263 5.95581
264 5.6635327
265 4.792964
266 6.255418
267 7.580012
268 6.3621883
269 6.113399
270 5.601424
271 5.146964
272 5.500765
273 5.895072
274 6.198962
275 6.0372853
276 6.496975
277 6.79101
278 5.999729
279 6.4777174
280 6.2636867
281 7.362147
282 7.888461
283 8.0862
284 7.331676
285 8.464181
286 8.089709
287 8.934402
288 8.106694
289 9.173481
290 8.469557
291 9.024694
292 7.748329
293 9.372675
294 8.030176
295 8.029436
296 7.8349447
297 8.099099
298 7.1398387
299 8.122828
300 8.300086
301 8.985653
302 8.88145
303 7.45945
304 7.147986
305 8.104086
306 7.6766224
307 7.5492854
308 8.549155
309 6.908385
310 6.3147254
311 6.632857
312 7.1191516
313 7.5041513
314 7.3049707
315 7.675548
316 8.294504
317 7.5590773
318 7.351695
319 8.01757
320 8.189298
321 8.872211
322 7.470264
323 7.06968
324 7.5766
325 8.215828
326 7.720648
327 8.73945
328 8.368137
329 8.737812
330 8.784813
331 8.124379
332 8.491431
333 9.383152
334 8.645544
335 8.724639
336 9.099636
337 9.1418705
338 10.247412
339 9.9296875
340 9.3969345
341 10.940474
342 9.505545
343 9.630284
344 11.765485
345 10.981095
346 10.3510685
347 9.391489
348 11.623846
349 11.132621
350 9.821185
351 10.204041
352 9.547213
353 8.77363
354 9.472025
355 9.491999
356 12.076497
357 10.733029
358 10.146641
359 8.971588
360 9.267324
361 10.377558
362 11.007529
363 9.464997
364 10.441921
365 9.7149105
366 11.566942
367 10.584469
368 10.847555
369 10.095736
370 9.576679
371 10.259386
372 10.212368
373 9.802123
374 10.316427
375 10.728724
376 10.379783
377 8.945881
378 8.846102
379 9.181193
380 9.168935
381 9.31631
382 10.129209
383 9.495167
384 10.133503
385 10.510773
386 9.262159
387 10.905286
388 10.217353
389 11.287785
390 8.732792
391 9.485201
392 11.013528
393 9.00909
394 9.1632
395 9.583039
396 9.46978
397 8.926435
398 11.393238
399 10.60062
400 10.592159
401 10.428345
402 9.23378
403 9.151381
404 9.979965
405 9.662407
406 10.784842
407 9.941386
408 10.552448
409 10.182808
410 8.925351
411 10.045631
412 10.946468
413 11.804348
414 10.030445
415 10.959412
416 10.015686
417 9.9573
418 10.638866
419 11.651306
420 10.942165
421 11.072174
422 9.559349
423 9.940114
424 11.005212
425 10.495371
426 10.659079
427 10.582464
428 11.287209
429 10.45469
430 9.927671
431 10.845241
432 10.634812
433 11.221304
434 13.212786
435 10.923198
436 11.287561
437 10.300671
438 10.772493
439 11.436991
440 10.002579
441 11.0746765
442 11.092132
443 11.129818
444 10.947702
445 11.150074
446 10.09482
447 9.891937
448 10.212325
449 10.132433
450 10.20276
451 10.482618
452 11.331478
453 11.18026
454 10.651348
455 11.805605
456 11.826667
457 11.375769
458 12.468961
459 10.769783
460 10.932102
461 11.070835
462 11.279802
463 10.997564
464 11.110458
465 11.441053
466 11.984987
467 12.192093
468 11.475115
469 10.34931
470 10.893414
471 13.892621
472 10.215706
473 10.328357
474 10.292656
475 9.314701
476 11.656744
477 10.212515
478 11.360214
479 13.311099
480 11.480471
481 9.690085
482 9.77114
483 8.249161
484 8.598833
485 9.288136
486 8.205772
487 9.812815
488 8.099096
489 8.399026
490 7.822362
491 7.652254
492 8.784535
493 8.190517
494 8.685013
495 7.325821
496 8.05821
497 7.6944637
498 8.53237
499 8.842643
