0 -940.76825
1 -1708.7965
2 -730.71173
3 -732.4686
4 -734.65436
5 -720.9845
6 -750.3624
7 -749.03375
8 -748.3004
9 -756.2028
10 -748.07776
11 -758.61365
12 -743.5285
13 -771.3417
14 -744.6952
15 -775.9491
16 -755.9828
17 -771.78455
18 -744.4142
19 -714.2821
20 -696.81866
21 -745.931
22 -751.28845
23 -743.6339
24 -726.90393
25 -735.7554
26 -684.0853
27 -757.67773
28 -755.39984
29 -738.29675
30 -720.44226
31 -740.2785
32 -735.2474
33 -742.424
34 -728.38367
35 -752.56433
36 -733.5416
37 -725.40063
38 -731.14124
39 -714.7004
40 -719.3625
41 -749.7365
42 -741.6833
43 -757.8583
44 -756.9784
45 -730.70544
46 -737.8056
47 -731.495
48 -698.42566
49 -743.4629
50 -740.3151
51 -744.02905
52 -725.859
53 -722.0288
54 -723.9665
55 -749.35114
56 -748.27905
57 -764.84607
58 -729.9326
59 -784.80054
60 -752.10187
61 -737.0894
62 -734.42804
63 -719.8602
64 -745.1916
65 -709.2721
66 -729.5373
67 -739.4341
68 -762.6342
69 -752.5978
70 -712.34265
71 -737.9304
72 -752.7194
73 -754.9411
74 -731.13354
75 -729.81085
76 -731.65186
77 -767.96765
78 -752.0001
79 -709.9246
80 -755.4614
81 -725.92175
82 -781.1659
83 -721.03204
84 -724.7503
85 -709.63586
86 -758.90955
87 -723.1743
88 -770.78314
89 -748.4164
90 -727.3069
91 -738.57166
92 -790.1259
93 -746.948
94 -750.66846
95 -729.0272
96 -724.5135
97 -726.7165
98 -745.9621
99 -709.2954
100 -757.4148
101 -742.6993
102 -754.3585
103 -723.1855
104 -759.30347
105 -782.04626
106 -739.97864
107 -752.6488
108 -735.6633
109 -738.7574
110 -736.7107
111 -746.9398
112 -746.5375
113 -746.12177
114 -736.59045
115 -731.77576
116 -780.38495
117 -750.3116
118 -723.68713
119 -758.29297
120 -738.25854
121 -735.8751
122 -726.9107
123 -751.6462
124 -720.987
125 -729.6804
126 -720.40643
127 -735.71277
128 -768.31
129 -762.3192
130 -739.0181
131 -742.04944
132 -721.1951
133 -742.8363
134 -699.1213
135 -722.2052
136 -727.7118
137 -745.30347
138 -719.2297
139 -729.7484
140 -736.56036
141 -759.76086
142 -729.7399
143 -746.6174
144 -761.0191
145 -750.62695
146 -757.1344
147 -742.0419
148 -764.46063
149 -765.5632
150 -736.9914
151 -738.1061
152 -729.74097
153 -762.66345
154 -747.1367
155 -737.6396
156 -737.6078
157 -746.76874
158 -760.64294
159 -747.1959
160 -775.3028
161 -720.5008
162 -745.46155
163 -751.89484
164 -752.45447
165 -742.19794
166 -702.89
167 -736.84656
168 -778.77374
169 -675.4947
170 -763.725
171 -737.744
172 -686.56
173 -762.32
174 -746.5008
175 -743.2418
176 -752.95996
177 -720.32385
178 -741.7529
179 -778.78986
180 -745.32385
181 -727.6639
182 -747.03345
183 -755.7819
184 -734.738
185 -742.19653
186 -784.22845
187 -768.85815
188 -688.24304
189 -744.5498
190 -751.16223
191 -721.2288
192 -753.8594
193 -715.986
194 -727.4626
195 -737.6411
196 -745.4771
197 -727.1872
198 -726.94543
199 -736.77966
200 -739.02704
201 -754.2283
202 -731.9105
203 -746.00256
204 -731.1831
205 -745.9202
206 -716.2226
207 -735.16125
208 -756.93585
209 -765.6843
210 -724.8776
211 -725.8486
212 -727.7584
213 -739.0819
214 -744.5961
215 -773.4219
216 -749.89154
217 -730.01056
218 -739.70593
219 -720.1213
220 -750.67804
221 -765.36975
222 -727.6664
223 -721.07043
224 -725.5192
225 -766.6013
226 -741.80786
227 -743.5385
228 -778.4058
229 -764.2044
230 -747.60077
231 -732.76733
232 -719.01056
233 -764.4649
234 -777.84045
235 -760.4516
236 -760.9576
237 -739.2775
238 -752.3895
239 -726.827
240 -710.2795
241 -727.1144
242 -759.72644
243 -743.5841
244 -748.37335
245 -752.5187
246 -724.4876
247 -761.54266
248 -730.5409
249 -718.8057
250 -741.9378
251 -740.64386
252 -756.1037
253 -750.0917
254 -743.92786
255 -738.956
256 -773.2951
257 -736.7711
258 -759.2682
259 -754.871
260 -725.73254
261 -748.93066
262 -716.33954
263 -728.41815
264 -737.4377
265 -735.9487
266 -748.6459
267 -756.84186
268 -706.40424
269 -740.9704
270 -731.69934
271 -753.87195
272 -735.89746
273 -751.68994
274 -740.6083
275 -768.6436
276 -744.9169
277 -699.8139
278 -707.0078
279 -762.45734
280 -706.8612
281 -729.1627
282 -725.1517
283 -735.9455
284 -755.8629
285 -728.2759
286 -739.55444
287 -769.9945
288 -758.38605
289 -736.9496
290 -721.00854
291 -735.45746
292 -754.03796
293 -761.5119
294 -760.3331
295 -748.1708
296 -751.47955
297 -718.5231
298 -749.55304
299 -745.53546
300 -762.33325
301 -760.05774
302 -706.8033
303 -724.1533
304 -749.48047
305 -707.8816
306 -737.7775
307 -732.0582
308 -732.42993
309 -758.91595
310 -763.2473
311 -766.11536
312 -722.9582
313 -719.59314
314 -724.3192
315 -739.3202
316 -743.1376
317 -739.2565
318 -739.4523
319 -744.4793
320 -747.7953
321 -738.42316
322 -748.2087
323 -729.42206
324 -728.9569
325 -722.72833
326 -767.1481
327 -736.18304
328 -739.4667
329 -732.51135
330 -723.49817
331 -695.8216
332 -722.1471
333 -773.1747
334 -765.05457
335 -748.94165
336 -764.23206
337 -741.5388
338 -740.6836
339 -763.42786
340 -756.1209
341 -754.4869
342 -713.3878
343 -736.21106
344 -733.34467
345 -768.5121
346 -733.00696
347 -722.73627
348 -724.95044
349 -715.26215
350 -740.2262
351 -762.39825
352 -739.96027
353 -706.82166
354 -750.45593
355 -735.68396
356 -743.797
357 -703.5415
358 -755.4974
359 -738.9109
360 -754.10547
361 -729.324
362 -734.1801
363 -714.8589
364 -756.7516
365 -763.7804
366 -749.29504
367 -734.90967
368 -769.48474
369 -711.0468
370 -735.987
371 -762.9606
372 -758.2723
373 -723.12665
374 -715.8603
375 -696.83264
376 -715.3247
377 -741.1745
378 -740.81433
379 -737.3088
380 -662.4207
381 -746.3993
382 -764.71564
383 -731.20935
384 -724.77405
385 -730.5233
386 -721.1409
387 -759.5929
388 -733.38904
389 -739.67236
390 -743.57336
391 -759.1617
392 -738.4131
393 -754.8831
394 -739.60394
395 -737.7677
396 -715.15125
397 -745.8008
398 -737.0184
399 -743.873
400 -724.21497
401 -761.9698
402 -747.408
403 -714.4268
404 -777.35126
405 -766.8431
406 -760.0479
407 -728.5649
408 -756.2633
409 -741.3839
410 -744.6419
411 -743.5819
412 -761.9728
413 -712.14874
414 -777.5238
415 -758.91077
416 -722.62537
417 -767.02405
418 -760.75476
419 -715.2606
420 -720.9613
421 -725.4529
422 -757.86865
423 -739.6562
424 -723.25275
425 -719.5303
426 -745.6601
427 -744.1788
428 -729.2403
429 -749.0661
430 -740.20715
431 -730.6286
432 -715.05444
433 -739.06824
434 -740.83026
435 -740.1918
436 -756.9577
437 -744.3428
438 -729.8487
439 -704.397
440 -725.7743
441 -695.9803
442 -754.2743
443 -747.8706
444 -711.0109
445 -753.7516
446 -741.2732
447 -783.8792
448 -749.5758
449 -715.1018
450 -750.9511
451 -768.4036
452 -753.7621
453 -700.4393
454 -766.548
455 -725.53217
456 -755.19745
457 -743.14215
458 -714.92633
459 -711.6241
460 -720.65247
461 -767.46155
462 -735.323
463 -747.60895
464 -744.35895
465 -742.4031
466 -731.4626
467 -737.80164
468 -751.536
469 -707.6389
470 -752.71674
471 -721.23785
472 -728.7477
473 -728.32324
474 -737.8415
475 -746.0103
476 -711.7833
477 -706.0411
478 -765.724
479 -760.73914
480 -733.99963
481 -753.03564
482 -729.3687
483 -770.9088
484 -727.1083
485 -752.27344
486 -744.9046
487 -736.2118
488 -756.38043
489 -738.84045
490 -744.7217
491 -747.2954
492 -762.2913
493 -739.93195
494 -723.7765
495 -728.2667
496 -752.3639
497 -711.40643
498 -765.26776
499 -745.46655
