0 3075666000000.0
1 87.52844
2 173.00934
3 264.39944
4 218.59238
5 123.59697
6 105.3185
7 93.8675
8 61.874794
9 239.43925
10 60.865093
11 46.43229
12 26.662083
13 10.1551075
14 -10.858435
15 -19.650965
16 -14.557027
17 -7.5712028
18 -1.1435876
19 78.550735
20 85.68443
21 47.483223
22 34.05678
23 71.34088
24 114.26216
25 206.37093
26 202.5821
27 188.02019
28 176.5233
29 170.2089
30 155.79755
31 101.34032
32 68.39844
33 56.25872
34 57.99462
35 83.39189
36 326.1771
37 155.539
38 175.85751
39 149.11057
40 128.10968
41 102.15077
42 117.56071
43 114.18602
44 117.43579
45 96.70352
46 101.924545
47 95.74861
48 83.966354
49 80.90578
50 71.50615
51 62.45224
52 58.386658
53 52.441963
54 52.395454
55 48.003956
56 43.798088
57 54.37021
58 51.8917
59 51.837364
60 47.640923
61 44.04049
62 49.67533
63 47.634598
64 49.762276
65 44.61206
66 44.94394
67 41.769577
68 34.039654
69 39.758274
70 36.208332
71 34.697067
72 34.454544
73 26.393805
74 35.439037
75 35.88431
76 36.64044
77 27.502665
78 22.260136
79 21.807446
80 20.194246
81 23.05586
82 27.503704
83 24.669758
84 17.686773
85 9.711878
86 5.3805337
87 -2.7687678
88 -5.7795587
89 -2.1698005
90 -2.659824
91 -12.908778
92 -15.861914
93 -17.439312
94 -14.174603
95 -30.711643
96 -27.768677
97 -27.81573
98 -30.388699
99 -27.593094
100 -39.861324
101 -37.874752
102 -44.290092
103 -52.108345
104 -48.724842
105 -35.838955
106 -40.788803
107 -45.20449
108 -54.282326
109 -50.444923
110 -57.944733
111 -64.04133
112 -59.238007
113 -55.79184
114 -49.309265
115 -56.968517
116 34.773575
117 23.980083
118 18.926182
119 14.228651
120 6.6392493
121 2.6224494
122 -2.725948
123 -6.911814
124 -6.6526055
125 -12.37308
126 -13.24014
127 -19.905197
128 -20.965937
129 -28.115347
130 -33.558094
131 -39.209457
132 -42.641712
133 -38.69073
134 -31.666946
135 -49.47351
136 -37.271385
137 -25.287203
138 -42.55848
139 -36.114334
140 -35.829277
141 -38.033245
142 -46.930603
143 -55.258717
144 -54.40783
145 -53.10154
146 -60.81031
147 -57.696632
148 -54.914665
149 -48.762672
150 -56.559914
151 -51.755444
152 -46.746727
153 -57.807167
154 -50.792114
155 -60.15484
156 -44.78367
157 -59.732597
158 -66.34909
159 -54.07085
160 -63.20595
161 -74.557755
162 -61.878326
163 -74.14386
164 -79.044266
165 -88.0272
166 -86.150215
167 -91.07414
168 -58.671154
169 -19.826319
170 -33.7772
171 -28.408497
172 -33.685867
173 -35.352783
174 -37.450916
175 -39.952507
176 -40.94118
177 -58.5607
178 -52.01703
179 -56.754303
180 -57.814507
181 -69.52668
182 -57.170876
183 -59.611805
184 -65.36711
185 -64.92542
186 -72.26286
187 -69.56847
188 -77.4451
189 -83.790634
190 -90.4853
191 -77.88691
192 -3.652197
193 2.6883824
194 -5.6946764
195 -13.001866
196 -20.338531
197 -28.143719
198 -34.80433
199 -47.154034
200 -33.064186
201 -43.489525
202 -47.427284
203 -58.29934
204 -60.608116
205 -59.667675
206 -64.75303
207 -66.49243
208 -70.8784
209 -67.436844
210 -73.21426
211 -77.59187
212 -81.0067
213 -95.23001
214 -103.00364
215 -108.34352
216 -97.083176
217 -95.80976
218 -88.65086
219 -104.97703
220 -101.14497
221 -92.16374
222 -105.7067
223 -69.20543
224 49.263084
225 34.41642
226 34.295853
227 33.997643
228 23.702421
229 20.57185
230 15.740169
231 3.2458427
232 3.3839126
233 -0.9135687
234 -5.1654177
235 -4.044046
236 -20.446667
237 -7.6829147
238 -9.5273905
239 -4.1494246
240 -21.57088
241 -23.822369
242 -29.343622
243 -21.090328
244 -15.09567
245 -23.242508
246 -27.731594
247 -31.124939
248 -23.545929
249 -42.846
250 -41.101803
251 -56.99994
252 -54.842857
253 -50.543232
254 -61.32126
255 -73.06925
256 -78.48516
257 -75.40344
258 -95.23561
259 -90.55493
260 -94.453575
261 -95.19645
262 -91.42582
263 -92.544106
264 -102.89939
265 -107.49078
266 -107.621376
267 -111.822914
268 -107.27989
269 -118.933556
270 -133.22469
271 -126.12185
272 -111.78007
273 -107.27964
274 -79.26157
275 -46.95618
276 -56.4205
277 -66.16774
278 -77.45381
279 -70.16225
280 -80.52506
281 -83.9195
282 -86.46286
283 -104.33862
284 -110.67497
285 -110.13458
286 -92.33577
287 -87.94182
288 -86.64236
289 -82.043236
290 -75.06153
291 -71.70863
292 -66.40039
293 -66.18138
294 -62.543934
295 -60.270153
296 -61.929943
297 -70.07536
298 -69.69414
299 -75.84589
300 -86.44585
301 -95.869354
302 -98.44539
303 -88.74632
304 -93.10329
305 -88.80747
306 -86.85972
307 -83.75929
308 -86.74391
309 -85.59517
310 -85.34067
311 -86.01921
312 -102.221596
313 -92.6269
314 -76.28748
315 -56.933105
316 -62.614418
317 -58.134514
318 -63.992256
319 -55.892586
320 -60.906136
321 -61.489677
322 -57.575886
323 -62.68159
324 -65.45738
325 -63.769173
326 -67.03241
327 -57.444984
328 -60.057365
329 -49.821404
330 -63.06385
331 -64.42931
332 -77.318375
333 -75.14923
334 -68.62419
335 -71.48308
336 -68.97592
337 -79.44617
338 -56.78073
339 -56.10984
340 -30.679153
341 -33.072807
342 -37.795097
343 -37.564125
344 -32.313087
345 -37.829567
346 -37.604324
347 -40.117413
348 -46.88456
349 -44.61737
350 -44.15725
351 -32.949738
352 -36.833412
353 -39.769825
354 -47.426834
355 -44.0658
356 -40.26125
357 -49.187885
358 -46.12667
359 -44.162487
360 -48.854347
361 -53.76652
362 -56.458954
363 -76.77031
364 -72.410805
365 -70.063156
366 -63.85858
367 -59.182533
368 -82.05116
369 -58.954308
370 -60.552948
371 -53.316967
372 -52.65795
373 -46.249878
374 -49.082806
375 -56.588726
376 -48.653526
377 -57.91089
378 -60.960014
379 -70.33686
380 -75.0076
381 -74.86116
382 -59.87655
383 -58.44294
384 -49.85562
385 -56.0589
386 -57.71003
387 -57.31907
388 -61.089184
389 -67.305305
390 -67.25259
391 -72.22546
392 -92.50257
393 -76.65705
394 -87.88927
395 -75.99606
396 -86.44339
397 -83.71529
398 -81.83092
399 -80.91322
400 -79.35424
401 -79.65129
402 -67.626785
403 -73.03821
404 -76.05405
405 -72.629105
406 -68.24633
407 -67.678444
408 -68.20787
409 -64.3614
410 -77.43661
411 -83.42256
412 -81.13286
413 -83.91352
414 -76.39683
415 -83.21018
416 -75.99431
417 -82.544205
418 -76.599495
419 -84.701385
420 -55.668976
421 -35.618904
422 -42.484303
423 -42.273422
424 -47.094917
425 -48.57778
426 -52.190693
427 -64.577446
428 -59.186485
429 -63.52636
430 -61.56419
431 -57.6974
432 -65.42613
433 -59.21687
434 -59.243874
435 -66.0886
436 -70.07763
437 -54.018562
438 -63.414387
439 -63.920036
440 -60.403404
441 -70.09491
442 -66.17959
443 -60.82253
444 -61.214172
445 -68.45924
446 -68.79645
447 -71.6923
448 -88.937454
449 -72.839745
450 -70.45766
451 -74.95186
452 -63.879993
453 -81.43997
454 2.0153604
455 46.571358
456 14.519852
457 3.4565341
458 2.0083537
459 21.158886
460 7.266496
461 -4.564938
462 -8.867566
463 -5.594991
464 -14.204895
465 -15.3735
466 -27.682964
467 -33.49465
468 -31.91952
469 -42.57825
470 -42.066692
471 -44.713142
472 -40.39889
473 -42.715614
474 -46.906147
475 -66.832924
476 -68.41914
477 -60.24986
478 -66.15589
479 -73.09556
480 -74.65643
481 -84.56221
482 -70.822754
483 -71.905014
484 -31.884739
485 -31.107788
486 -29.140106
487 -35.592285
488 -33.777092
489 -48.133587
490 -41.009068
491 -46.26717
492 -47.28932
493 -54.2147
494 -60.71217
495 -57.85478
496 -68.06785
497 -65.638626
498 -57.49215
499 -35.228172
