0 5.9107924
1 5.530057
2 6.017491
3 6.8265257
4 6.8945885
5 7.1733804
6 7.6393676
7 7.800808
8 7.712911
9 8.111235
10 8.323652
11 9.053481
12 9.393589
13 8.822174
14 9.144884
15 9.607848
16 9.7470455
17 9.797319
18 9.937124
19 9.465027
20 9.432196
21 10.61822
22 10.6073885
23 11.758471
24 11.475837
25 11.498098
26 11.467519
27 11.997936
28 11.701235
29 12.567619
30 11.907491
31 12.741837
32 13.244929
33 13.018001
34 12.871155
35 13.870791
36 13.690546
37 14.276579
38 14.70947
39 12.83831
40 13.9840975
41 14.085421
42 14.306315
43 15.189328
44 14.257962
45 14.0129595
46 14.134443
47 14.363202
48 14.25795
49 14.196493
50 14.613365
51 13.668262
52 14.399066
53 14.468233
54 13.71846
55 15.43895
56 13.803401
57 15.182051
58 15.384028
59 15.163725
60 16.469337
61 15.459587
62 15.144359
63 14.772061
64 14.633922
65 15.080973
66 15.704514
67 15.756482
68 15.599289
69 16.035505
70 15.119896
71 15.969464
72 16.202118
73 16.321865
74 15.60759
75 16.390476
76 16.22734
77 15.8481245
78 17.280354
79 18.216108
80 16.994686
81 17.840603
82 17.191555
83 17.572376
84 17.12293
85 16.974329
86 17.91079
87 18.023384
88 17.488375
89 16.961151
90 17.468937
91 17.576553
92 18.372507
93 17.755533
94 17.642042
95 17.444786
96 17.830757
97 17.452887
98 17.574951
99 18.396507
100 17.570621
101 17.868366
102 17.93636
103 18.459705
104 17.950653
105 18.53539
106 17.755772
107 18.460693
108 17.761806
109 18.070929
110 18.777786
111 17.61502
112 18.171726
113 18.169353
114 17.295036
115 18.100418
116 18.203533
117 18.694265
118 18.564362
119 18.846302
120 18.666838
121 18.994722
122 19.603758
123 18.66317
124 18.746908
125 19.384184
126 20.160334
127 18.820414
128 19.866985
129 19.082123
130 18.446789
131 19.586834
132 18.650242
133 19.471972
134 20.65426
135 19.129879
136 19.83788
137 19.298464
138 19.50648
139 19.225725
140 18.54565
141 17.936302
142 19.648922
143 18.912186
144 19.249218
145 19.087778
146 18.114294
147 18.884155
148 19.143688
149 18.798492
150 18.409851
151 17.775898
152 18.8776
153 17.849354
154 19.34513
155 19.068695
156 18.619694
157 17.788061
158 18.136105
159 18.51308
160 18.468998
161 19.23197
162 18.980755
163 20.079466
164 18.97987
165 20.11253
166 21.215786
167 20.102726
168 19.637028
169 19.68405
170 20.827131
171 20.391798
172 20.797508
173 20.118525
174 20.495174
175 20.51117
176 20.867252
177 20.851192
178 20.23808
179 21.002125
180 20.497202
181 19.809813
182 19.47061
183 20.24096
184 18.836409
185 19.78638
186 19.662706
187 20.373514
188 18.756306
189 18.81041
190 19.42613
191 19.372211
192 18.882313
193 19.074177
194 19.439117
195 20.27381
196 19.933971
197 18.634432
198 18.812077
199 18.720398
200 18.670494
201 18.216503
202 18.891272
203 17.827206
204 18.324684
205 19.031122
206 18.037373
207 18.624697
208 17.319046
209 18.164997
210 18.364569
211 18.490358
212 18.495808
213 17.740883
214 17.834286
215 17.920897
216 17.463924
217 17.677332
218 18.369701
219 17.190308
220 17.61017
221 17.68349
222 17.047352
223 17.172243
224 17.493248
225 16.798086
226 18.13383
227 17.515894
228 17.6533
229 18.528036
230 18.912083
231 16.785915
232 17.077204
233 17.038185
234 17.596874
235 18.035887
236 18.045038
237 17.136877
238 17.455013
239 17.255657
240 17.275785
241 17.195242
242 15.477513
243 16.769093
244 16.731182
245 17.051641
246 16.77224
247 16.454014
248 16.782728
249 16.010752
250 16.159504
251 15.996289
252 16.332981
253 16.239695
254 15.671321
255 15.719957
256 15.501677
257 15.766565
258 15.379781
259 14.99188
260 15.393478
261 14.928754
262 15.432813
263 15.525546
264 15.344462
265 14.69783
266 15.518364
267 15.457316
268 15.65846
269 15.697815
270 14.673915
271 14.93855
272 15.110103
273 15.439018
274 15.848463
275 15.437904
276 16.097616
277 15.818258
278 15.6928
279 15.066032
280 14.72007
281 16.14996
282 17.032656
283 16.397978
284 16.872635
285 17.454777
286 17.039948
287 17.985996
288 18.126429
289 18.41624
290 17.89936
291 17.536573
292 17.237087
293 18.041264
294 16.915058
295 17.243237
296 17.187832
297 16.810797
298 16.474022
299 17.079193
300 17.31615
301 17.033161
302 16.754114
303 16.227337
304 16.233044
305 16.911308
306 16.379765
307 15.929418
308 16.172731
309 15.281323
310 15.185892
311 15.342018
312 16.030018
313 16.337626
314 16.300024
315 16.26967
316 16.530588
317 15.836699
318 16.129328
319 16.369953
320 16.941982
321 17.020721
322 15.274183
323 15.287066
324 15.097757
325 15.811457
326 15.723085
327 15.969748
328 15.356775
329 15.695691
330 15.219502
331 16.253132
332 16.563303
333 16.566015
334 16.652414
335 16.104435
336 15.78683
337 16.022736
338 16.524487
339 16.001812
340 16.330505
341 16.553507
342 17.161465
343 16.794786
344 17.079288
345 17.326395
346 16.718613
347 16.805685
348 17.350786
349 16.343237
350 17.277424
351 16.858112
352 17.092936
353 16.131943
354 16.580173
355 15.982706
356 16.68983
357 16.954353
358 17.098953
359 14.923544
360 16.278624
361 16.054209
362 17.506838
363 15.900213
364 17.075903
365 16.28855
366 16.89902
367 16.406567
368 17.172693
369 16.669945
370 15.684862
371 16.405552
372 17.01494
373 16.04294
374 16.617167
375 16.51872
376 15.712026
377 16.047613
378 15.645488
379 16.665539
380 15.787801
381 16.05982
382 16.252996
383 16.031307
384 15.428105
385 16.371021
386 16.54596
387 15.622393
388 16.036592
389 16.125874
390 15.741661
391 16.316135
392 16.412495
393 15.344
394 16.428135
395 16.929052
396 15.626004
397 15.705928
398 15.949356
399 16.54109
400 16.704634
401 15.166298
402 15.259863
403 15.26243
404 16.157722
405 15.992406
406 16.975822
407 15.866666
408 15.764241
409 15.640709
410 14.510645
411 14.540011
412 15.316111
413 14.973203
414 14.493709
415 14.50469
416 14.392543
417 13.796915
418 14.559656
419 15.910742
420 14.745183
421 15.01415
422 14.309105
423 13.74502
424 14.992215
425 14.480296
426 14.519539
427 14.582828
428 15.108564
429 14.610098
430 14.310785
431 15.035383
432 14.629033
433 14.963064
434 14.422971
435 14.219355
436 14.000737
437 13.589838
438 13.189624
439 13.477295
440 12.853201
441 12.529787
442 13.021024
443 13.103849
444 13.158525
445 13.349307
446 12.832204
447 13.219424
448 12.521493
449 12.617056
450 12.1364765
451 12.354735
452 12.562816
453 12.068177
454 11.874565
455 11.901211
456 11.519743
457 12.460615
458 12.153957
459 11.835108
460 12.185435
461 12.044387
462 12.050114
463 12.579895
464 12.275328
465 13.015287
466 13.298239
467 14.570139
468 12.368881
469 12.303603
470 13.6005125
471 13.933535
472 13.533281
473 13.145223
474 13.001427
475 13.629171
476 13.4140415
477 13.588704
478 14.410852
479 14.25691
480 13.267774
481 12.59065
482 13.393326
483 12.715102
484 13.509239
485 14.424585
486 12.891279
487 14.072718
488 12.827873
489 13.363731
490 13.144582
491 13.160993
492 13.7754545
493 13.318433
494 14.3416
495 12.54008
496 12.882858
497 13.218819
498 13.571614
499 13.4691105
