0 3.845272
1 4.3370895
2 4.425095
3 4.982277
4 5.3392644
5 5.295354
6 6.0769043
7 6.2240734
8 6.757735
9 6.1624837
10 6.9748564
11 7.2454543
12 7.639374
13 7.7793784
14 7.978198
15 8.707942
16 8.867715
17 9.336138
18 9.135035
19 10.045074
20 10.158756
21 10.498362
22 11.240699
23 11.995633
24 11.516359
25 11.415896
26 12.071194
27 12.737547
28 12.470065
29 12.767058
30 12.903902
31 12.759214
32 13.183487
33 13.447527
34 14.2211
35 14.619909
36 14.119746
37 14.56058
38 14.376837
39 15.642801
40 15.581767
41 15.256793
42 15.925894
43 15.282248
44 15.967211
45 15.891261
46 17.006084
47 15.955843
48 15.7762785
49 16.549547
50 16.40508
51 16.771046
52 16.60075
53 16.06824
54 15.456757
55 16.56971
56 16.288425
57 16.665247
58 16.224035
59 16.804905
60 17.061806
61 17.168545
62 16.149319
63 16.67511
64 16.778627
65 17.063364
66 16.238106
67 16.266287
68 17.18835
69 16.019047
70 17.290573
71 16.653866
72 17.083233
73 16.55847
74 15.943825
75 16.285206
76 17.061056
77 17.121494
78 16.312353
79 16.72016
80 16.778088
81 16.80329
82 15.559494
83 16.337132
84 16.862932
85 16.718143
86 16.73782
87 17.588882
88 16.478796
89 16.854588
90 16.233158
91 16.641119
92 16.344685
93 16.929169
94 17.463215
95 16.957073
96 17.444439
97 17.680096
98 18.018345
99 18.10511
100 17.341291
101 17.055157
102 16.704765
103 16.546307
104 17.949818
105 18.038132
106 17.762
107 17.46711
108 17.85375
109 17.426352
110 18.63762
111 17.595795
112 18.402405
113 18.078505
114 18.543474
115 17.63957
116 17.51284
117 17.78262
118 18.645634
119 17.62106
120 17.257038
121 17.419317
122 18.019146
123 17.68742
124 18.666126
125 17.99836
126 18.194584
127 18.146925
128 18.535818
129 18.808039
130 18.170605
131 17.653645
132 17.596325
133 17.72736
134 18.346163
135 17.759693
136 18.210537
137 17.330517
138 17.4926
139 17.54852
140 17.874111
141 17.72387
142 17.702442
143 17.223812
144 18.00626
145 18.21963
146 18.75136
147 18.299973
148 19.395866
149 18.242178
150 19.073608
151 17.604118
152 18.19357
153 18.561213
154 18.599186
155 18.18935
156 18.649141
157 17.94299
158 19.080376
159 17.832645
160 17.863503
161 18.81419
162 18.883175
163 18.007988
164 18.987135
165 18.82629
166 19.020012
167 18.009136
168 17.97099
169 18.186644
170 19.276415
171 18.231905
172 17.690159
173 17.805643
174 18.134624
175 18.548779
176 19.869925
177 18.25277
178 18.219627
179 18.206995
180 18.53703
181 18.450226
182 19.356075
183 18.690662
184 19.59341
185 17.864756
186 18.363686
187 18.085371
188 17.89861
189 18.26991
190 18.02406
191 18.598524
192 18.386805
193 18.658173
194 18.191048
195 18.290071
196 19.202515
197 19.403614
198 19.096323
199 18.901146
200 18.92522
201 19.613125
202 19.272644
203 18.396482
204 19.659122
205 18.974033
206 19.52872
207 20.18139
208 18.81318
209 18.820248
210 19.534763
211 18.870169
212 19.340448
213 19.851355
214 19.59656
215 20.172802
216 20.177675
217 19.80053
218 18.63908
219 19.552784
220 18.866383
221 19.592148
222 19.269611
223 19.542799
224 20.484627
225 20.62789
226 21.246264
227 20.808918
228 20.65842
229 21.040531
230 20.084578
231 20.011389
232 20.413198
233 20.007198
234 19.914019
235 21.024124
236 20.662241
237 20.526974
238 20.061283
239 21.229376
240 20.731867
241 20.269028
242 21.335701
243 20.738651
244 21.332867
245 21.213827
246 21.878044
247 19.545383
248 20.20312
249 21.600971
250 20.58487
251 20.973383
252 21.489435
253 20.522953
254 20.056702
255 21.257938
256 21.169819
257 21.094608
258 21.214079
259 21.216595
260 21.259487
261 21.439545
262 21.051477
263 20.877235
264 21.328163
265 21.940807
266 23.084515
267 21.747831
268 22.196335
269 23.699713
270 23.65456
271 22.788784
272 22.98473
273 22.549473
274 22.110464
275 21.547092
276 22.805573
277 20.920301
278 21.326624
279 20.675783
280 22.245684
281 22.473833
282 21.295918
283 20.43906
284 19.78771
285 20.13999
286 19.901243
287 19.821363
288 22.15148
289 19.727604
290 20.35046
291 20.903896
292 19.760727
293 20.822353
294 20.345797
295 21.450718
296 20.363394
297 21.31199
298 21.14921
299 21.572235
300 20.95605
301 20.95611
302 20.043026
303 20.010555
304 21.50532
305 20.76717
306 20.631207
307 21.120686
308 20.450113
309 21.118345
310 21.56886
311 19.586712
312 21.436893
313 20.74454
314 20.76015
315 20.772165
316 22.447968
317 21.88274
318 21.393257
319 21.540625
320 21.482607
321 20.426006
322 21.343807
323 21.519022
324 20.729702
325 20.704603
326 20.20088
327 20.569324
328 19.711111
329 20.339714
330 20.35335
331 20.108576
332 20.757502
333 20.953945
334 20.65565
335 21.728603
336 21.191166
337 20.82172
338 21.427958
339 20.882055
340 20.96688
341 20.945219
342 20.546019
343 20.27547
344 20.203882
345 20.766308
346 20.766474
347 21.427025
348 21.048012
349 21.047655
350 20.861599
351 20.798103
352 20.398243
353 21.08809
354 21.16085
355 20.300772
356 20.841423
357 20.785267
358 20.252983
359 21.771807
360 21.146088
361 21.80161
362 20.486584
363 20.483816
364 20.456963
365 20.292984
366 20.952639
367 21.32987
368 21.195251
369 20.759914
370 21.082088
371 21.278576
372 22.348133
373 20.321299
374 20.50459
375 19.365417
376 20.589281
377 20.220272
378 19.813961
379 19.80214
380 20.222698
381 19.029936
382 19.680143
383 19.997374
384 20.29231
385 20.66681
386 20.642555
387 20.25452
388 19.757004
389 19.651905
390 19.755772
391 19.988491
392 19.277252
393 19.974325
394 18.8636
395 19.749447
396 19.030275
397 19.643843
398 19.150555
399 19.746
400 19.633198
401 20.1541
402 19.532549
403 19.780739
404 19.443146
405 18.546932
406 18.946625
407 19.235395
408 18.410719
409 19.61535
410 18.086197
411 18.730778
412 19.075151
413 18.97494
414 19.438068
415 19.530617
416 19.945553
417 19.123386
418 20.474976
419 20.021364
420 20.242737
421 19.617453
422 20.359507
423 20.240461
424 19.660069
425 20.206993
426 20.019993
427 20.50034
428 21.141918
429 19.757774
430 20.969158
431 20.750126
432 19.71781
433 19.659222
434 20.14658
435 19.740824
436 19.967392
437 19.349949
438 19.405813
439 19.567867
440 19.722507
441 19.504742
442 19.916603
443 20.939417
444 20.025013
445 20.971058
446 20.748766
447 20.227867
448 19.096928
449 20.756855
450 20.133652
451 19.343842
452 19.985249
453 19.772503
454 18.915306
455 18.817665
456 19.120571
457 19.317099
458 18.241926
459 18.84898
460 18.643213
461 19.97524
462 18.879854
463 19.681988
464 19.249533
465 18.682306
466 19.504883
467 18.504414
468 19.288763
469 18.98624
470 18.582312
471 18.41969
472 18.030306
473 18.268644
474 19.10591
475 18.743555
476 19.596264
477 18.718372
478 19.518541
479 18.930552
480 18.733845
481 20.33956
482 19.33419
483 19.628345
484 19.852022
485 19.846706
486 19.596891
487 19.267078
488 19.508158
489 19.80979
490 19.816294
491 20.634867
492 20.311163
493 20.255793
494 20.911158
495 20.39242
496 19.779995
497 20.778059
498 19.469357
499 19.687572
