0 -116.40956
1 -1028.8372
2 -11920.627
3 -258546.5
4 -1394603.4
5 -7957691.0
6 -36420390.0
7 -99521144.0
8 -381106620.0
9 -1158426800.0
10 -2060456600.0
11 -3677058600.0
12 -7383635000.0
13 -10382588000.0
14 -27335266000.0
15 -50792526000.0
16 -78842740000.0
17 -120318370000.0
18 -197066980000.0
19 -290151920000.0
20 -377908760000.0
21 -628067700000.0
22 -959849700000.0
23 -1215675000000.0
24 -1329660700000.0
25 -2185649500000.0
26 -3549392000000.0
27 -3378197800000.0
28 -5409248000000.0
29 -5147764700000.0
30 -6621520000000.0
31 -7410591000000.0
32 -9650065000000.0
33 -12108502000000.0
34 -13590674000000.0
35 -16458910000000.0
36 -26728840000000.0
37 -24348535000000.0
38 -32960630000000.0
39 -27947780000000.0
40 -47547997000000.0
41 -60458990000000.0
42 -52285170000000.0
43 -58335823000000.0
44 -74174220000000.0
45 -76846100000000.0
46 -95423450000000.0
47 -118031450000000.0
48 -134261390000000.0
49 -156908400000000.0
50 -130881830000000.0
51 -180968430000000.0
52 -203731440000000.0
53 -210790220000000.0
54 -210756100000000.0
55 -261834810000000.0
56 -253215940000000.0
57 -422480900000000.0
58 -467202800000000.0
59 -382271350000000.0
60 -484344270000000.0
61 -619238650000000.0
62 -561348640000000.0
63 -744176700000000.0
64 -843455300000000.0
65 -711947900000000.0
66 -1163904600000000.0
67 -913830300000000.0
68 -868497300000000.0
69 -1006038500000000.0
70 -938338150000000.0
71 -1287877800000000.0
72 -1159265400000000.0
73 -1451887700000000.0
74 -1069068200000000.0
75 -1840197800000000.0
76 -1842687800000000.0
77 -2021994400000000.0
78 -2503626000000000.0
79 -2023008000000000.0
80 -2543123000000000.0
81 -2651323000000000.0
82 -2248686200000000.0
83 -2888668000000000.0
84 -2742681000000000.0
85 -3141883000000000.0
86 -2830208000000000.0
87 -3207242700000000.0
88 -2716118800000000.0
89 -2975415400000000.0
90 -3562266500000000.0
91 -4832791700000000.0
92 -4309724800000000.0
93 -4587677400000000.0
94 -5766683500000000.0
95 -5793422300000000.0
96 -6450628600000000.0
97 -5870888500000000.0
98 -6800072500000000.0
99 -6113835500000000.0
100 -6821107600000000.0
101 -7144967000000000.0
102 -1.0076345e+16
103 -8850506000000000.0
104 -7856455600000000.0
105 -1.1142937e+16
106 -1.0571872e+16
107 -9199882000000000.0
108 -1.0486288e+16
109 -1.3993433e+16
110 -1.1072438e+16
111 -1.6218152e+16
112 -1.3391958e+16
113 -1.0716045e+16
114 -1.3015733e+16
115 -1.6455615e+16
116 -1.3022513e+16
117 -1.6416296e+16
118 -1.7346026e+16
119 -1.9712218e+16
120 -1.9986925e+16
121 -2.2714852e+16
122 -1.8989773e+16
123 -2.4334524e+16
124 -1.8387038e+16
125 -2.0067988e+16
126 -2.529591e+16
127 -2.4500102e+16
128 -3.0122622e+16
129 -3.0243403e+16
130 -2.6316388e+16
131 -2.3426034e+16
132 -3.357244e+16
133 -3.1547153e+16
134 -2.9006607e+16
135 -3.7204252e+16
136 -3.4800546e+16
137 -3.448348e+16
138 -3.521822e+16
139 -4.063119e+16
140 -3.9839653e+16
141 -4.191875e+16
142 -4.6295775e+16
143 -4.720379e+16
144 -4.7410074e+16
145 -4.9902345e+16
146 -5.512326e+16
147 -6.372142e+16
148 -6.1536436e+16
149 -5.3250147e+16
150 -6.9879517e+16
151 -6.1190476e+16
152 -6.75852e+16
153 -7.279943e+16
154 -8.479123e+16
155 -9.0201e+16
156 -7.0280908e+16
157 -9.265605e+16
158 -7.38178e+16
159 -8.051975e+16
160 -7.377817e+16
161 -8.244775e+16
162 -1.05866305e+17
163 -1.1404868e+17
164 -8.144977e+16
165 -1.0592374e+17
166 -9.919535e+16
167 -8.123561e+16
168 -1.286266e+17
169 -1.1321962e+17
170 -1.0744824e+17
171 -1.22869626e+17
172 -1.3420651e+17
173 -1.4587209e+17
174 -1.7475473e+17
175 -1.329802e+17
176 -1.30001015e+17
177 -1.0044566e+17
178 -1.4741032e+17
179 -1.2019313e+17
180 -1.4123366e+17
181 -1.3610224e+17
182 -9.9272345e+16
183 -1.447123e+17
184 -1.5799647e+17
185 -1.1380565e+17
186 -1.9244103e+17
187 -1.5056205e+17
188 -2.260705e+17
189 -1.698401e+17
190 -1.566535e+17
191 -2.030876e+17
192 -2.6308327e+17
193 -2.1192844e+17
194 -1.749012e+17
195 -1.9984857e+17
196 -1.8972633e+17
197 -2.537224e+17
198 -2.5869232e+17
199 -2.1856733e+17
200 -2.2673615e+17
201 -2.2613405e+17
202 -2.4348235e+17
203 -2.1040296e+17
204 -2.7655164e+17
205 -2.7695672e+17
206 -3.0126976e+17
207 -2.6059915e+17
208 -3.0554597e+17
209 -2.8082852e+17
210 -2.9765834e+17
211 -2.9632158e+17
212 -3.0003965e+17
213 -3.1255783e+17
214 -3.181476e+17
215 -3.1626493e+17
216 -3.282755e+17
217 -3.4858662e+17
218 -3.976118e+17
219 -3.9142215e+17
220 -2.6933472e+17
221 -4.2077877e+17
222 -4.0916676e+17
223 -4.2338485e+17
224 -3.634809e+17
225 -4.485323e+17
226 -3.9741003e+17
227 -3.4851447e+17
228 -4.219437e+17
229 -3.9174407e+17
230 -4.3498896e+17
231 -4.2294866e+17
232 -5.6765717e+17
233 -5.2107935e+17
234 -4.587246e+17
235 -6.573311e+17
236 -6.3229086e+17
237 -4.567688e+17
238 -6.042544e+17
239 -4.6651938e+17
240 -4.9810756e+17
241 -5.6044286e+17
242 -5.211131e+17
243 -7.159825e+17
244 -5.948828e+17
245 -6.165911e+17
246 -5.68546e+17
247 -6.3318614e+17
248 -7.744563e+17
249 -6.8146645e+17
250 -6.424819e+17
251 -7.228313e+17
252 -7.2525835e+17
253 -8.492739e+17
254 -7.733137e+17
255 -7.9365065e+17
256 -7.4773395e+17
257 -7.8210956e+17
258 -5.968516e+17
259 -7.586867e+17
260 -1.01345375e+18
261 -7.505258e+17
262 -6.5656856e+17
263 -8.451664e+17
264 -7.3844156e+17
265 -9.456302e+17
266 -8.159597e+17
267 -9.497352e+17
268 -7.974135e+17
269 -6.6541653e+17
270 -9.748046e+17
271 -8.542581e+17
272 -9.7986264e+17
273 -9.9595564e+17
274 -8.217467e+17
275 -8.054429e+17
276 -1.2549202e+18
277 -9.4167165e+17
278 -8.986362e+17
279 -1.02715696e+18
280 -7.4595074e+17
281 -1.3236967e+18
282 -1.2770757e+18
283 -1.5709492e+18
284 -1.5185457e+18
285 -1.07148356e+18
286 -1.4626862e+18
287 -9.739659e+17
288 -1.3984774e+18
289 -1.0849207e+18
290 -1.2249669e+18
291 -1.1055785e+18
292 -1.0648383e+18
293 -1.6419835e+18
294 -1.3578582e+18
295 -1.0736953e+18
296 -1.340689e+18
297 -1.3368885e+18
298 -1.3742612e+18
299 -1.1907545e+18
300 -1.12903406e+18
301 -1.7340435e+18
302 -1.1914308e+18
303 -1.3503376e+18
304 -1.2268557e+18
305 -1.9244815e+18
306 -1.5469797e+18
307 -1.6379338e+18
308 -2.0682509e+18
309 -1.6067573e+18
310 -1.7605045e+18
311 -1.9323287e+18
312 -1.7659056e+18
313 -1.6382296e+18
314 -2.0341317e+18
315 -1.7009274e+18
316 -1.9266283e+18
317 -1.8630056e+18
318 -2.6131725e+18
319 -2.1985364e+18
320 -2.1498538e+18
321 -2.0306003e+18
322 -2.2673333e+18
323 -2.0594042e+18
324 -2.2999884e+18
325 -2.1096477e+18
326 -2.1031454e+18
327 -1.9170219e+18
328 -2.2925928e+18
329 -2.1271167e+18
330 -1.7561567e+18
331 -2.1899487e+18
332 -1.9587426e+18
333 -3.3924928e+18
334 -2.813943e+18
335 -2.6419032e+18
336 -2.2236776e+18
337 -2.7265794e+18
338 -1.9360876e+18
339 -3.4151463e+18
340 -2.851187e+18
341 -2.9453558e+18
342 -2.6162786e+18
343 -2.5899794e+18
344 -2.9220492e+18
345 -3.1558977e+18
346 -2.746696e+18
347 -3.4253578e+18
348 -2.8243655e+18
349 -3.4251197e+18
350 -2.8538338e+18
351 -2.8855525e+18
352 -3.294393e+18
353 -2.895007e+18
354 -3.6597833e+18
355 -3.4671593e+18
356 -3.2960434e+18
357 -2.759413e+18
358 -2.7798612e+18
359 -3.688495e+18
360 -3.4024198e+18
361 -3.7037283e+18
362 -2.9487585e+18
363 -3.7112423e+18
364 -3.1700674e+18
365 -3.7188856e+18
366 -2.871155e+18
367 -4.7964227e+18
368 -4.672911e+18
369 -3.0113903e+18
370 -3.8504993e+18
371 -3.6094476e+18
372 -4.1473065e+18
373 -3.5432219e+18
374 -5.1189424e+18
375 -3.3952196e+18
376 -3.594355e+18
377 -3.6765255e+18
378 -6.4923765e+18
379 -3.701146e+18
380 -4.2405992e+18
381 -4.3654306e+18
382 -4.3861542e+18
383 -4.982595e+18
384 -4.3583132e+18
385 -4.5464784e+18
386 -4.6126794e+18
387 -4.270781e+18
388 -4.737587e+18
389 -5.9872575e+18
390 -5.456245e+18
391 -5.1324224e+18
392 -6.512347e+18
393 -4.6056887e+18
394 -4.0162477e+18
395 -4.0432275e+18
396 -4.0877605e+18
397 -5.3991244e+18
398 -4.7961434e+18
399 -4.2016795e+18
400 -5.780385e+18
401 -4.5567066e+18
402 -6.4955e+18
403 -6.540844e+18
404 -4.4818763e+18
405 -6.0284436e+18
406 -4.1655223e+18
407 -5.714662e+18
408 -6.407072e+18
409 -5.9196e+18
410 -6.742597e+18
411 -5.9904687e+18
412 -6.025725e+18
413 -6.145394e+18
414 -6.152677e+18
415 -7.109425e+18
416 -7.6890547e+18
417 -6.719216e+18
418 -5.965957e+18
419 -6.2013396e+18
420 -6.3012846e+18
421 -5.970974e+18
422 -7.9229104e+18
423 -8.065934e+18
424 -7.2042206e+18
425 -7.339289e+18
426 -9.600967e+18
427 -5.311961e+18
428 -7.032405e+18
429 -7.2236226e+18
430 -8.642428e+18
431 -6.7048994e+18
432 -8.1345795e+18
433 -8.279456e+18
434 -1.2088496e+19
435 -8.2940736e+18
436 -6.2950213e+18
437 -8.094155e+18
438 -7.3181773e+18
439 -1.0159346e+19
440 -7.3292664e+18
441 -7.888975e+18
442 -9.327479e+18
443 -9.96464e+18
444 -9.915011e+18
445 -1.162725e+19
446 -8.7143405e+18
447 -1.0217217e+19
448 -8.354186e+18
449 -1.2846374e+19
450 -9.491963e+18
451 -1.0147902e+19
452 -8.732229e+18
453 -1.0622945e+19
454 -1.0399499e+19
455 -8.368446e+18
456 -1.0376385e+19
457 -1.1302944e+19
458 -1.1045224e+19
459 -1.041419e+19
460 -1.0426411e+19
461 -1.3957677e+19
462 -1.2188724e+19
463 -1.0420065e+19
464 -9.817676e+18
465 -1.1321251e+19
466 -9.594398e+18
467 -8.8798065e+18
468 -8.307498e+18
469 -1.1899105e+19
470 -1.1934852e+19
471 -9.783866e+18
472 -1.3248608e+19
473 -1.1378538e+19
474 -9.462109e+18
475 -1.1838371e+19
476 -1.2651639e+19
477 -1.609106e+19
478 -1.300231e+19
479 -9.933193e+18
480 -1.3859972e+19
481 -1.0721848e+19
482 -1.4205173e+19
483 -1.1935663e+19
484 -1.2688275e+19
485 -1.3456148e+19
486 -1.451539e+19
487 -1.72463e+19
488 -1.2873036e+19
489 -1.5936979e+19
490 -1.435319e+19
491 -1.435973e+19
492 -1.4198543e+19
493 -1.0810215e+19
494 -1.7872287e+19
495 -1.3068801e+19
496 -1.332141e+19
497 -1.6715235e+19
498 -1.7036266e+19
499 -1.4845002e+19
