0 2.1962988
1 2.5812974
2 2.983276
3 3.3137162
4 3.6292164
5 3.893332
6 4.42255
7 4.9563775
8 5.023923
9 5.713195
10 5.601872
11 6.2511225
12 6.199713
13 6.4678125
14 7.051812
15 6.840247
16 6.986884
17 7.784147
18 7.702198
19 8.052847
20 7.7021613
21 7.907462
22 8.75683
23 9.274795
24 8.876607
25 8.71832
26 9.255481
27 10.105637
28 10.485149
29 10.411792
30 10.6403885
31 10.921422
32 11.096421
33 11.38006
34 11.602542
35 12.301966
36 12.766446
37 13.307404
38 13.104912
39 13.410759
40 13.602898
41 14.045276
42 14.05804
43 15.11908
44 14.587848
45 14.917171
46 14.726323
47 15.308515
48 15.221744
49 14.93455
50 15.76151
51 15.242102
52 15.333681
53 14.850565
54 16.223581
55 15.70639
56 16.296932
57 16.475761
58 15.784105
59 15.82809
60 15.833588
61 15.702807
62 17.148048
63 16.591694
64 15.605469
65 15.507292
66 16.634594
67 15.870481
68 15.110011
69 16.000658
70 15.372557
71 15.674589
72 16.171955
73 16.354824
74 16.569458
75 15.844914
76 16.21567
77 16.979534
78 16.171574
79 16.65183
80 16.576834
81 17.2235
82 17.464878
83 16.06506
84 16.871784
85 16.637844
86 18.250784
87 17.454727
88 19.036015
89 18.77406
90 18.05935
91 17.679586
92 18.282244
93 17.673098
94 19.396673
95 18.470188
96 19.260874
97 19.83463
98 19.398046
99 19.000658
100 19.771303
101 18.8213
102 19.204882
103 18.904633
104 19.611347
105 18.81108
106 19.289135
107 18.809612
108 19.32277
109 19.31427
110 18.181753
111 18.740393
112 18.167542
113 19.109324
114 19.006527
115 19.290691
116 19.731562
117 18.478718
118 18.55832
119 19.508846
120 19.905483
121 18.929964
122 21.119799
123 21.27785
124 20.97845
125 20.112185
126 19.890438
127 20.978376
128 19.995491
129 21.718765
130 21.303303
131 20.537233
132 21.485075
133 20.595142
134 20.715801
135 20.468472
136 20.472668
137 20.627554
138 21.06302
139 20.348951
140 21.577988
141 20.784166
142 21.552483
143 21.844698
144 20.593557
145 19.386965
146 21.322882
147 20.930546
148 20.674412
149 20.231382
150 20.639692
151 20.19633
152 20.243502
153 19.503218
154 20.018702
155 20.187191
156 20.144566
157 20.453032
158 21.035807
159 21.13445
160 21.70098
161 20.678278
162 20.61183
163 20.469654
164 20.637114
165 20.980907
166 20.286373
167 20.304783
168 19.963718
169 20.753016
170 18.998707
171 19.941784
172 18.919142
173 19.015957
174 19.41034
175 18.42548
176 20.564425
177 19.526863
178 18.020367
179 18.75384
180 19.35051
181 19.21589
182 19.829165
183 19.623444
184 21.573935
185 20.625921
186 20.407885
187 20.925583
188 19.258627
189 19.627232
190 20.089573
191 20.68925
192 19.750721
193 19.578571
194 19.670254
195 18.930767
196 18.586124
197 19.130718
198 18.759626
199 19.017075
200 19.057709
201 18.703875
202 19.325226
203 18.838589
204 18.490849
205 18.547316
206 18.138325
207 18.058685
208 17.777956
209 18.058758
210 18.467472
211 18.451117
212 19.127321
213 18.31279
214 17.60443
215 18.301783
216 17.562658
217 18.150785
218 18.943228
219 18.781008
220 18.696085
221 18.670765
222 19.142288
223 19.72353
224 18.386232
225 18.725256
226 19.780912
227 19.214167
228 20.37744
229 19.859283
230 19.78201
231 19.957186
232 19.176146
233 20.247314
234 19.643442
235 18.823946
236 18.671322
237 19.867777
238 18.986988
239 18.998882
240 19.251503
241 18.987268
242 19.098328
243 19.644249
244 19.843586
245 19.255424
246 19.563503
247 19.86045
248 20.022497
249 20.190084
250 19.676067
251 20.454964
252 20.234785
253 20.211773
254 18.706398
255 20.297913
256 20.299984
257 20.14693
258 19.090176
259 21.015373
260 19.597164
261 20.101648
262 20.056576
263 19.953579
264 19.103214
265 19.277924
266 19.2446
267 18.843426
268 18.453035
269 18.406687
270 19.317799
271 18.243061
272 19.31628
273 19.723057
274 19.715153
275 19.471807
276 18.44582
277 18.262651
278 18.928165
279 18.175861
280 18.440481
281 18.272871
282 17.654804
283 17.590235
284 17.173483
285 17.947096
286 18.036688
287 17.102787
288 16.40272
289 17.370474
290 17.19815
291 17.245163
292 17.022085
293 18.241388
294 17.48601
295 17.847551
296 17.841076
297 16.891788
298 17.955181
299 16.729898
300 17.333767
301 17.265041
302 17.048223
303 16.556904
304 17.148083
305 17.07568
306 17.166239
307 16.812872
308 17.459637
309 17.516449
310 17.984417
311 18.159271
312 17.756405
313 17.812305
314 18.020248
315 18.36697
316 17.843996
317 19.487082
318 19.271618
319 19.94373
320 20.21835
321 18.599411
322 19.253757
323 19.468212
324 19.388119
325 18.66826
326 19.19683
327 17.822275
328 17.73148
329 18.738201
330 18.051472
331 18.066818
332 17.933764
333 17.824314
334 17.419254
335 18.265606
336 17.295113
337 17.269659
338 18.585138
339 17.464241
340 17.508749
341 18.57618
342 17.396732
343 18.998638
344 18.014475
345 18.408897
346 18.510006
347 17.799236
348 17.911865
349 18.058447
350 18.77791
351 18.158203
352 18.371395
353 18.300777
354 18.795181
355 18.310328
356 18.630453
357 18.889832
358 19.075008
359 18.740574
360 19.108152
361 18.527111
362 19.54835
363 20.136244
364 19.24848
365 20.151949
366 20.214079
367 19.767363
368 19.507639
369 21.299603
370 20.724249
371 20.694601
372 20.1597
373 19.45232
374 19.442041
375 18.547922
376 20.285898
377 18.939058
378 19.448559
379 19.168392
380 19.058956
381 19.551834
382 19.490635
383 19.656322
384 18.971516
385 19.48367
386 20.16712
387 20.28473
388 20.460232
389 20.699942
390 21.579012
391 20.782846
392 20.067585
393 20.087128
394 19.983877
395 18.737753
396 20.555416
397 19.857397
398 19.229467
399 18.150253
400 18.503109
401 17.68855
402 18.7847
403 19.208195
404 17.900417
405 18.64555
406 18.99937
407 18.259201
408 18.756983
409 18.337875
410 17.760328
411 18.291544
412 18.41539
413 18.296505
414 18.788221
415 17.61833
416 18.147053
417 17.597544
418 17.410051
419 17.322346
420 16.688274
421 16.094847
422 17.198399
423 16.864664
424 16.68044
425 16.696215
426 17.647692
427 17.253223
428 17.242016
429 17.500662
430 16.188433
431 16.905254
432 15.944494
433 16.570835
434 17.60314
435 17.41836
436 16.613245
437 17.184504
438 17.189379
439 17.205925
440 17.719046
441 17.158129
442 17.560253
443 16.95184
444 16.608843
445 17.107492
446 16.916723
447 16.815523
448 16.584404
449 16.287766
450 17.036982
451 16.723171
452 17.926344
453 17.898895
454 16.89327
455 18.415678
456 18.021338
457 18.056797
458 18.418755
459 17.639622
460 17.43411
461 18.6021
462 16.8811
463 17.378723
464 17.747074
465 19.785587
466 18.884226
467 17.93044
468 18.785297
469 17.994085
470 18.138973
471 19.00875
472 18.455494
473 17.829767
474 17.802849
475 17.65463
476 17.850903
477 18.09505
478 17.235813
479 17.137634
480 16.528515
481 15.331467
482 15.895823
483 16.253277
484 15.629497
485 15.570292
486 15.240672
487 15.164421
488 15.184769
489 14.873106
490 15.248735
491 14.169577
492 14.712146
493 15.036708
494 14.384044
495 14.558281
496 14.236097
497 14.513217
498 14.052767
499 13.700174
