0 7.4349976
1 7.507979
2 7.414074
3 7.9357085
4 8.120438
5 8.202562
6 9.01057
7 8.840458
8 8.695091
9 10.043544
10 9.786063
11 9.526198
12 9.638062
13 10.014945
14 10.179566
15 10.480192
16 11.239946
17 11.036769
18 11.304424
19 12.143965
20 11.349734
21 11.210211
22 12.369432
23 12.169451
24 12.638299
25 12.445306
26 12.716789
27 12.958339
28 13.461261
29 13.244334
30 13.602068
31 13.440283
32 14.116989
33 14.649939
34 14.128222
35 14.118959
36 14.543314
37 14.9982195
38 14.372457
39 13.810956
40 13.691068
41 13.758768
42 14.097153
43 14.804792
44 13.977916
45 15.039554
46 14.267482
47 15.895071
48 14.350988
49 15.609774
50 14.661479
51 15.294621
52 16.36965
53 16.043142
54 15.819422
55 15.839369
56 15.848659
57 16.722626
58 17.170021
59 15.343946
60 16.050858
61 16.745316
62 16.379818
63 16.49144
64 17.196835
65 17.06268
66 16.602087
67 16.627064
68 16.343868
69 16.654278
70 16.656605
71 16.332567
72 18.061272
73 17.728552
74 18.143564
75 16.945803
76 18.527021
77 17.789698
78 17.079166
79 18.197685
80 17.741024
81 16.837893
82 18.603264
83 17.84957
84 17.14144
85 17.457937
86 18.028564
87 16.465637
88 17.296446
89 17.829718
90 17.998575
91 18.042408
92 17.102491
93 17.54566
94 17.086872
95 18.538939
96 17.660078
97 17.69205
98 18.506094
99 17.933487
100 18.256891
101 18.508022
102 17.875856
103 18.730444
104 18.226112
105 17.4959
106 18.446293
107 17.699474
108 17.387508
109 18.09875
110 18.262476
111 18.548328
112 18.066816
113 18.59585
114 17.73602
115 17.31868
116 17.518677
117 17.812405
118 17.799112
119 18.213684
120 17.75579
121 18.809753
122 18.021118
123 18.238365
124 19.022661
125 19.695335
126 19.114668
127 18.19704
128 17.77202
129 18.928822
130 18.810055
131 18.404392
132 18.817768
133 19.166779
134 18.804855
135 19.417757
136 18.52051
137 19.765965
138 18.77422
139 19.185509
140 18.618093
141 18.584745
142 20.20699
143 18.236303
144 18.33828
145 17.679195
146 18.307995
147 18.863617
148 19.111904
149 18.816385
150 20.427784
151 19.253176
152 19.755848
153 19.541874
154 19.361954
155 18.80331
156 19.362423
157 19.267464
158 19.785564
159 20.314442
160 19.661036
161 19.27241
162 19.310501
163 18.313423
164 19.221817
165 20.376953
166 19.438005
167 20.258083
168 19.483265
169 19.011814
170 19.113462
171 18.562168
172 18.245827
173 18.948093
174 18.383917
175 18.835936
176 19.056063
177 19.43114
178 18.453867
179 18.717422
180 19.68788
181 18.910519
182 19.099308
183 18.620224
184 19.6113
185 19.477097
186 18.664742
187 18.599285
188 18.241125
189 19.360874
190 18.74543
191 18.75294
192 18.943884
193 19.130209
194 18.901066
195 19.168768
196 19.737768
197 18.687658
198 19.453695
199 19.01576
200 19.759308
201 20.051807
202 19.350262
203 19.640064
204 19.878307
205 18.549515
206 19.879555
207 18.880573
208 18.684849
209 18.916029
210 19.673061
211 19.527649
212 19.07326
213 19.996742
214 19.537739
215 19.30399
216 19.401884
217 19.28249
218 18.493855
219 19.421686
220 18.40605
221 19.238087
222 19.761099
223 19.586712
224 19.59974
225 19.795233
226 20.167593
227 19.010496
228 19.013395
229 20.404997
230 19.719585
231 20.04222
232 20.022486
233 20.229452
234 19.970715
235 21.624619
236 20.634554
237 21.66336
238 20.415205
239 21.292007
240 21.568295
241 21.200336
242 20.953972
243 21.564127
244 20.325893
245 20.841072
246 20.333847
247 20.490007
248 20.308758
249 20.568882
250 21.079716
251 20.236095
252 20.781717
253 20.938438
254 20.934715
255 21.304293
256 21.130283
257 21.130474
258 21.192814
259 20.958563
260 20.599474
261 21.377438
262 22.257395
263 20.40084
264 21.212954
265 19.498716
266 19.787663
267 22.459454
268 19.90814
269 21.101528
270 20.16397
271 19.5855
272 20.308674
273 19.967884
274 20.431467
275 21.733612
276 21.50838
277 20.256422
278 20.200056
279 20.682148
280 19.84484
281 20.126593
282 18.824347
283 20.545227
284 19.095402
285 20.190323
286 19.774508
287 19.452124
288 18.228474
289 18.883184
290 18.92158
291 19.963442
292 19.63813
293 19.181873
294 19.080814
295 18.735268
296 20.224384
297 19.883678
298 19.92889
299 20.281971
300 19.922304
301 19.49088
302 19.793344
303 20.082699
304 20.258335
305 20.0997
306 19.989513
307 21.164316
308 19.808475
309 19.36647
310 20.182266
311 20.466831
312 20.514378
313 20.294985
314 20.645504
315 20.5318
316 19.621363
317 20.064438
318 19.661068
319 19.358698
320 19.533415
321 19.774904
322 19.490992
323 20.51761
324 20.340094
325 20.961063
326 19.564259
327 18.867434
328 19.607082
329 17.989592
330 19.96389
331 19.130611
332 18.828384
333 20.50393
334 20.402735
335 18.94979
336 20.041431
337 19.786839
338 20.044762
339 19.83147
340 19.140623
341 19.036373
342 19.635548
343 18.628454
344 19.63476
345 20.017681
346 19.527998
347 18.148733
348 18.162432
349 19.522682
350 19.428095
351 18.876102
352 19.760057
353 19.545235
354 18.495432
355 19.21391
356 19.869535
357 18.295065
358 19.42036
359 18.823486
360 20.122135
361 19.300955
362 18.87376
363 19.536333
364 20.08972
365 19.503246
366 20.093536
367 20.3905
368 19.824484
369 18.826685
370 19.317272
371 19.40752
372 19.14578
373 18.916323
374 18.97326
375 18.789284
376 19.75636
377 19.092045
378 19.400267
379 19.129108
380 18.960482
381 18.87002
382 19.19684
383 19.613985
384 19.47942
385 18.893494
386 19.52881
387 18.881824
388 19.501251
389 19.44148
390 20.185192
391 18.974169
392 20.31895
393 20.441133
394 20.392569
395 19.823147
396 20.16295
397 20.295807
398 19.510838
399 20.273514
400 20.085201
401 20.52686
402 20.728853
403 19.95544
404 20.776571
405 20.343212
406 20.796574
407 20.733185
408 20.683733
409 20.022253
410 20.5098
411 20.11972
412 20.237797
413 20.478746
414 19.838125
415 20.739437
416 19.810658
417 20.477194
418 19.838062
419 19.428028
420 20.413584
421 19.387012
422 19.751787
423 18.535383
424 19.031004
425 18.112545
426 18.966974
427 18.643559
428 19.426495
429 19.378132
430 18.55813
431 18.357414
432 18.944302
433 18.650394
434 19.031841
435 19.34384
436 18.808067
437 19.148302
438 18.390804
439 18.244072
440 18.794916
441 18.523663
442 19.264256
443 19.201742
444 19.207573
445 17.789011
446 18.932108
447 18.71894
448 18.632092
449 18.98305
450 19.404226
451 18.8836
452 19.47397
453 18.81989
454 18.088284
455 18.666748
456 18.922422
457 19.77192
458 19.859388
459 20.55537
460 19.036554
461 19.083725
462 20.240192
463 19.42126
464 20.278696
465 19.509176
466 20.228207
467 20.30541
468 19.709736
469 20.018583
470 19.70653
471 19.437473
472 19.803118
473 19.900398
474 21.099092
475 19.083546
476 19.48191
477 19.680592
478 19.646145
479 19.608934
480 19.093561
481 19.526772
482 20.152996
483 19.792076
484 17.984974
485 19.51242
486 19.46888
487 19.649982
488 19.767195
489 19.783012
490 21.167923
491 20.921253
492 21.50309
493 20.34744
494 19.762867
495 19.987461
496 21.558683
497 20.335619
498 20.909796
499 21.326254
