0 0.44733024
1 0.89225674
2 1.174299
3 1.5061573
4 2.041718
5 2.352184
6 2.6722627
7 3.1708276
8 3.3433642
9 3.9441235
10 4.031679
11 4.4441023
12 5.061099
13 5.663526
14 5.93922
15 5.975324
16 6.427869
17 6.3264384
18 6.986173
19 7.699394
20 7.93676
21 8.31357
22 8.667323
23 8.751599
24 9.226688
25 9.014613
26 8.883535
27 9.338251
28 9.767725
29 9.050431
30 9.53532
31 9.352962
32 9.561598
33 9.760036
34 9.743671
35 9.771378
36 10.242845
37 10.104393
38 10.076435
39 10.057286
40 10.556017
41 10.601768
42 10.819764
43 10.755192
44 11.197744
45 11.499735
46 10.66136
47 11.586622
48 10.929924
49 11.208988
50 11.603937
51 11.853205
52 12.301864
53 12.416712
54 12.514833
55 12.187575
56 13.721521
57 14.195913
58 13.726436
59 13.503229
60 13.724622
61 12.963918
62 13.804149
63 13.956734
64 13.59745
65 13.596573
66 14.061142
67 14.443535
68 15.411865
69 15.001887
70 14.659088
71 14.4136305
72 14.820828
73 14.428653
74 15.180433
75 15.079847
76 15.016632
77 16.516098
78 15.873163
79 16.329107
80 15.365267
81 15.9550495
82 16.86805
83 16.478323
84 16.583622
85 17.91696
86 17.151209
87 17.582918
88 16.983881
89 17.069628
90 15.937927
91 17.288544
92 16.39515
93 17.2925
94 17.210686
95 17.3711
96 16.80724
97 17.05595
98 16.790983
99 16.577307
100 16.611313
101 16.244686
102 15.939984
103 15.143396
104 16.187254
105 15.093491
106 15.837807
107 15.58683
108 15.086873
109 14.816195
110 15.462148
111 15.510908
112 15.390262
113 15.287816
114 15.355316
115 15.159826
116 15.380224
117 14.765863
118 15.221255
119 14.999423
120 15.926982
121 15.302788
122 16.725636
123 16.531677
124 16.098255
125 17.599806
126 15.597773
127 17.187159
128 16.863506
129 17.42683
130 17.170786
131 16.92928
132 16.916445
133 17.945269
134 17.007835
135 17.572294
136 17.736004
137 18.573246
138 18.284542
139 17.386963
140 17.93433
141 18.153988
142 17.162756
143 17.66241
144 18.54011
145 17.76507
146 17.759708
147 18.11591
148 17.40949
149 17.866913
150 18.172203
151 17.32095
152 17.321377
153 17.60734
154 18.093742
155 18.28952
156 18.211117
157 19.294842
158 19.026844
159 18.332169
160 18.314259
161 18.952526
162 18.573404
163 19.61217
164 19.3607
165 18.915632
166 19.24243
167 18.93446
168 18.575933
169 19.176817
170 18.257656
171 18.495323
172 18.306858
173 19.019575
174 18.860119
175 19.140919
176 19.074047
177 19.38244
178 18.956543
179 18.917816
180 17.9642
181 18.745182
182 19.062891
183 18.919128
184 18.442432
185 19.207321
186 17.825876
187 17.667149
188 18.682726
189 19.352015
190 17.709988
191 19.09257
192 17.94891
193 19.053684
194 18.782686
195 17.62595
196 18.75978
197 18.93891
198 18.639217
199 18.253391
200 17.74701
201 17.725475
202 18.06026
203 17.038542
204 17.60854
205 17.34784
206 17.342796
207 17.564972
208 17.31086
209 17.50745
210 17.735355
211 17.30434
212 18.116573
213 18.288406
214 17.838673
215 17.877493
216 17.33697
217 17.618862
218 17.038118
219 17.157494
220 17.503946
221 17.162136
222 18.027943
223 17.934284
224 18.08713
225 18.001343
226 19.870752
227 18.444386
228 18.154812
229 18.39633
230 18.339314
231 19.145359
232 19.811602
233 19.38195
234 20.215658
235 19.747812
236 19.83051
237 19.558163
238 19.692125
239 19.618504
240 19.402142
241 19.843554
242 20.267336
243 20.61446
244 20.592655
245 20.126915
246 19.665369
247 20.638195
248 19.341452
249 19.437069
250 19.056757
251 18.727612
252 19.891853
253 20.733662
254 19.939562
255 19.84664
256 20.755096
257 19.568
258 19.814957
259 19.575588
260 19.71863
261 19.726738
262 18.635328
263 18.973816
264 19.512897
265 18.83239
266 19.801846
267 19.406448
268 19.262459
269 20.035189
270 19.284271
271 19.891447
272 20.119034
273 20.113342
274 19.933453
275 19.859423
276 20.325773
277 19.579203
278 20.417828
279 19.944506
280 18.777151
281 19.282146
282 19.525784
283 19.885681
284 20.024916
285 19.612371
286 19.575195
287 20.51025
288 18.94236
289 19.481628
290 20.874035
291 20.626505
292 19.508537
293 19.5904
294 20.285847
295 20.321375
296 19.696684
297 19.45494
298 19.143816
299 19.969387
300 20.228811
301 19.500202
302 19.122206
303 19.20683
304 19.65141
305 19.916603
306 19.327213
307 19.650799
308 19.947378
309 19.646772
310 20.662874
311 20.423975
312 20.119781
313 20.708776
314 20.276094
315 19.389986
316 19.844963
317 19.263214
318 19.482567
319 20.308445
320 18.407513
321 18.474504
322 18.510712
323 18.054134
324 18.161373
325 18.628817
326 17.484058
327 17.848381
328 18.059393
329 17.789669
330 18.452358
331 18.192438
332 19.1547
333 18.188269
334 19.540653
335 18.987467
336 19.49725
337 18.887997
338 18.851078
339 19.965225
340 20.955315
341 19.937574
342 21.364277
343 20.482391
344 20.236988
345 20.784399
346 21.518667
347 22.101591
348 21.000202
349 20.84337
350 20.877071
351 21.23862
352 20.651459
353 19.70627
354 20.176205
355 20.591969
356 20.329002
357 22.245754
358 21.393717
359 21.846245
360 22.228098
361 21.451344
362 20.058056
363 20.877712
364 20.989765
365 19.94543
366 20.77666
367 20.478363
368 20.492395
369 20.449316
370 20.46785
371 19.295908
372 18.9029
373 19.345186
374 19.696144
375 19.73002
376 20.002321
377 19.371714
378 19.274837
379 19.120304
380 18.805653
381 19.508379
382 19.503881
383 19.640194
384 19.431995
385 19.7966
386 18.970186
387 18.70666
388 19.519932
389 19.7028
390 19.48839
391 19.242012
392 19.330368
393 18.29446
394 18.74276
395 19.372543
396 18.55404
397 18.35806
398 19.074474
399 18.285519
400 18.376423
401 19.143555
402 19.605007
403 19.981674
404 19.820257
405 20.51824
406 18.750256
407 18.37928
408 19.489727
409 19.40064
410 19.10539
411 18.661077
412 18.323284
413 18.333832
414 19.019403
415 19.435047
416 19.075085
417 18.818293
418 19.488323
419 19.456785
420 19.202023
421 19.718191
422 19.492018
423 18.598904
424 19.324785
425 18.87379
426 19.335007
427 18.884056
428 20.019817
429 19.429485
430 19.502903
431 17.977182
432 18.31673
433 18.00531
434 18.699986
435 18.701221
436 18.062168
437 18.02077
438 18.891773
439 19.7912
440 19.350588
441 19.827808
442 19.193724
443 19.55623
444 18.98592
445 19.351357
446 19.414059
447 18.836992
448 18.968594
449 19.883884
450 18.938412
451 20.709604
452 20.027826
453 20.054443
454 20.047052
455 21.071756
456 21.160435
457 20.885315
458 20.815065
459 20.007526
460 21.12122
461 20.070274
462 20.158695
463 19.731535
464 20.00922
465 20.092503
466 21.0651
467 21.607698
468 21.86074
469 20.611496
470 21.64147
471 21.651798
472 20.982428
473 22.11799
474 21.481133
475 21.787962
476 22.106594
477 21.06664
478 20.799587
479 20.940838
480 19.483496
481 20.483047
482 20.471397
483 19.831577
484 19.999563
485 19.061579
486 19.182508
487 19.154058
488 19.440023
489 19.546417
490 19.481838
491 19.731234
492 18.965878
493 19.078915
494 18.888966
495 19.8401
496 20.019196
497 19.543026
498 19.369951
499 18.267618
