1 47.870495270834155
2 50.28635927217732
3 54.284496787375595
4 49.39506651481694
5 63.271673357175644
6 54.44296244612284
7 64.1186948768676
8 49.393831563552936
9 58.55285653470322
10 54.60778613882168
11 61.602777132684615
12 74.72991989600774
13 53.640569781998956
14 58.8276178001862
15 47.91189147544462
16 45.70758562622162
17 45.91157550240961
18 70.57105872652912
19 70.3498618702537
20 53.383939048796506
21 54.01362103067778
22 58.12510347584613
23 55.45061354176814
24 50.786445457694505
25 65.68626899000996
26 49.484534198500256
27 64.05568563685749
28 53.56563699547223
29 55.186441554451875
30 63.035875677005606
31 62.55798268354891
32 54.534726741711815
33 49.71138042969209
34 55.7699357660105
35 45.914349703515505
36 84.95118048953283
37 46.57307870766601
38 45.67547798938577
39 56.09241679844477
40 53.87233462936599
41 66.34186700303644
42 69.50443483146275
43 57.592743507447125
44 52.924276869317374
45 62.46829087309347
46 54.523659838223224
47 51.2896128893769
48 68.13009162516
49 46.5750735022642
50 46.6659498472705
51 52.35948238844101
52 77.34063952189838
53 80.40443550624957
54 69.84427237606626
55 56.29960741609863
56 58.65073304405595
57 58.53940056102111
58 58.40583705650592
59 45.87707858297333
60 63.59843305648328
61 66.54105531043872
62 45.91823542055185
63 54.67099632194322
64 60.905093635624674
65 49.581627421966246
66 63.18313316124706
67 59.51612535638341
68 63.112761459774035
69 45.77081319405441
70 58.503520575590606
71 49.848133171631716
72 55.56530970924068
73 68.63710740630172
74 58.55016667793765
75 70.23886934776658
76 45.853980254626016
77 70.37600212015501
78 47.89051688683408
79 54.349075649849276
80 62.89015442228269
81 66.98125352979876
82 57.57085319877018
83 45.66602092901308
84 58.01917624629524
85 64.72930394143263
86 49.7878984788798
87 58.28937998952536
88 70.35606112820473
89 58.007508523052714
90 46.66281118777288
91 45.68375146413221
92 58.43490540415655
93 58.144832873100604
94 58.17856602045221
95 57.48839002098122
96 59.092440885178576
97 69.11090881642959
98 61.365851009109
99 56.15409875634974
100 53.983495028204636
101 58.049850896378395
102 53.91384021936776
103 74.15011080697008
104 58.736999163366924
105 70.25018147791306
106 70.64135639849682
107 54.13289686929004
108 55.47345613112191
109 71.46948272829331
110 58.22559857723911
111 58.19921878698009
112 53.20790353004057
113 56.20625702991002
114 67.48657030033657
115 71.31753758030972
116 49.253009436729215
117 60.86071997976079
118 53.56119290111651
119 46.69386115793067
120 65.17286911409207
121 67.6340489711997
122 52.593786125346
123 55.25775859539762
124 60.3492292410259
125 47.45477715499627
126 61.202219047608985
127 54.079164831141675
128 45.92443911205062
129 57.10136232256397
130 53.658956472758426
131 73.43000916741843
132 45.92612316638489
133 64.17322427253127
134 57.911376227341705
135 58.91884186063022
136 61.720203919928274
137 79.96154940513728
138 70.27605172659813
139 45.69959131460027
140 52.124650624757614
141 70.28133430815781
142 55.93479315139283
143 62.2674479898061
144 65.36662488161252
145 58.178576252341365
146 57.63686256133364
147 48.20971919341639
148 77.26561074674522
149 63.645970350551686
150 57.67557483788459
151 69.23258729411249
152 57.74146714415713
153 55.8468450977044
154 57.92156834604579
155 52.90649371551044
156 55.83216951451703
157 60.12540504538004
158 50.51321582947374
159 55.774873896906634
160 48.39769634329468
161 45.96429081993856
162 54.49430092518108
163 45.77392485923291
164 58.48231335421796
165 49.460144241533214
166 62.816375999861314
167 53.971898507718905
168 49.25483311224374
169 59.3044624459876
170 66.03787860926687
171 46.880351168962136
172 45.79160581856003
173 57.90017338570986
174 58.09361670675298
175 59.40476003625872
176 48.92944339395817
177 58.05376688288323
178 51.66008112112504
179 60.35620800898171
180 58.44143744662089
181 45.89059460645136
182 62.855674676285794
183 58.53696068611971
184 52.65014049588556
185 70.01623333815456
186 57.95748411619941
187 64.26385509466982
188 69.76233835926699
189 63.91963679200437
190 55.085001136047566
191 63.719317550198234
192 58.66169805769959
193 51.1244359286915
194 53.218022539811
195 58.57720402059437
196 56.60230139561302
197 57.869064197219544
198 60.766519863331105
199 46.555772550806424
200 58.20268112917585
201 64.03684134894954
202 56.109179817115056
203 76.16164657475342
204 48.21741146483343
205 58.052660397937146
206 57.20471200946467
207 57.935375647680786
208 59.171276150253796
209 53.63510568781915
210 58.1631439885859
211 49.52523399440044
212 58.7880844226148
213 45.646086200221305
214 58.010678762851136
215 58.18002082698952
216 64.6813121225936
217 63.3467803307448
218 49.89726548566514
219 59.39413479562608
220 48.59054730711178
221 67.33529697165923
222 65.51007154305697
223 58.01430842024675
224 50.734752815413
225 66.14619804466369
226 46.18024427320582
227 63.73891143872874
228 45.80615197079689
229 59.327989237187474
230 70.32286821904434
231 62.377473852626885
232 61.32088336074069
233 69.77998528015814
234 49.9177712351551
235 56.81530188874467
236 54.899243171659776
237 59.00033817762527
238 59.83199573792007
239 48.03537143902223
240 68.64253932114885
241 56.27850847194935
242 59.07177779847792
243 60.74792134393815
244 58.631973897437256
245 58.070656212961374
246 54.6854699059171
247 71.4942411915558
248 60.66311334918749
249 65.62197439103821
250 58.1441697710749
251 64.77846209370497
252 56.98061892652356
253 59.395733231384234
254 57.893103676859084
255 48.64370556506011
256 63.04593635531064
257 58.40979581516801
258 64.65442965502372
259 55.313358124723905
260 58.84986932791457
261 63.48816185736378
262 53.618341751995466
263 58.198582603086564
264 63.37631583333747
265 46.317448318651536
266 45.92083728281601
267 56.23427356984571
268 60.92563393624957
269 62.37798444113758
270 75.50332124712213
271 58.543017184663846
272 61.779711970774166
273 58.17887453980515
274 52.168968765031394
275 49.55886073708256
276 58.24701331002264
277 45.96602302473531
278 53.93968778662557
279 59.60604580535521
280 46.762693269527965
281 62.999088465307466
282 55.120214693533775
283 57.91105271869058
284 56.043856316268005
285 57.98452837335614
286 70.1252099207798
287 51.322288200311924
288 47.917797335808224
289 62.64832905276772
290 71.00258255711688
291 58.02611627752237
292 72.3654716295474
293 54.09144097620875
294 69.89825504230622
295 61.491681434750326
296 55.08917592581924
297 51.373070192664755
298 47.95062522582621
299 69.9650458872176
300 56.2687076449077
301 50.552419174954075
302 77.73036615100627
303 61.63837447748294
304 46.01392973902115
305 64.22249444173514
306 56.35023886089361
307 58.66614139319114
308 56.950843170982104
309 47.80615337738531
310 59.092490412303434
311 63.15117872145969
312 45.94674844794085
313 60.88737442834872
314 65.92953351966001
315 50.922330632343574
316 46.94560932090596
317 53.777671628585715
318 58.018225207595684
319 47.02295228553712
320 49.67818433950544
321 72.90245361971974
322 70.16767961143138
323 57.308537707169286
324 66.41652722284637
325 68.75377110393474
326 56.75989967596527
327 50.57795484727094
328 69.6124100720154
329 45.76868870310433
330 64.3725473353669
331 71.0072987346591
332 62.00955078090021
333 63.266444304172175
334 60.23683839683998
335 78.8437462488774
336 64.70334448516263
337 58.40015825617636
338 74.95823268442217
339 50.523611218552226
340 64.71120984777626
341 57.870589593017996
342 45.95275309566268
343 65.09302174447214
344 55.36666566485927
345 47.07390813963043
346 70.10050023453324
347 62.51962831931505
348 67.0492647764394
349 57.869306434971584
350 64.07594953148279
351 46.124754744383175
352 64.17286547072456
353 59.023882124698275
354 45.953862878126564
355 45.80818473703077
356 58.42974784438571
357 55.58402728344742
358 58.00765333902845
359 70.47708669056692
360 61.99271862384657
361 65.22649981600338
362 58.50697661777321
363 46.77597923710025
364 57.36010983935393
365 45.91706780959131
366 60.3769947009198
367 48.548274389391246
368 68.62235624179422
369 58.0223488932883
370 58.766087325901665
371 67.14849483941443
372 63.347513038939645
373 47.898634898172794
374 53.758828880705224
375 58.71246814475403
376 62.580449857677955
377 59.03403392686713
378 59.30473468661505
379 70.29619980558711
380 55.932901473326446
381 58.596963315581704
382 47.47859850667139
383 59.99099195685415
384 50.90088137992131
385 45.86290657004109
386 58.05598701207906
387 52.98732514937827
388 46.60150380903807
389 58.625015913779535
390 62.484982311690345
391 52.901386402773404
392 65.41903724707039
393 51.616559695525396
394 56.2858840578403
395 58.73727638828716
396 63.095411076771086
397 47.93994348143228
398 70.14403243960463
399 63.63644650064113
400 68.35423796231144
401 50.97106778191958
402 59.046337978700336
403 58.32442476468456
404 57.91249603733826
405 48.47389321976004
406 59.29981974579988
407 57.620919997141726
408 59.13709069115331
409 46.135160832232685
410 57.18972015347341
411 53.85018424683834
412 46.28277471803578
413 68.11955333728908
414 56.09398993505648
415 58.16375528821367
416 58.41756894511984
417 72.66996589050636
418 56.25540081781483
419 56.437289222906266
420 62.03321361812136
421 70.64978323768712
422 59.32755990546266
423 58.80807911854395
424 58.38136524598291
425 70.26311773348436
426 58.0894100474745
427 55.65531653709374
428 52.00419904425925
429 57.8520495042097
430 60.62548625974089
431 51.625812328710985
432 57.80155069562251
433 55.535392349932195
434 58.13204225538503
435 47.66281672823748
436 68.27582693731283
437 64.37034442763897
438 64.23297659018414
439 54.22866729485615
440 48.31529962063515
441 48.147503156998525
442 65.84719249604291
443 52.55494063396213
444 84.91181700601828
445 58.90256540629725
446 57.85846167083317
447 58.46353985225876
448 57.682116744750424
449 46.38745357962464
450 47.048625413961574
451 46.97750389916467
452 63.45097873494969
453 46.18369199685817
454 59.21425476717202
455 57.84981877043012
456 57.93747693303161
457 63.16390549535389
458 60.016373641662284
459 60.58964022068848
460 65.25504115076971
461 54.19116873988078
462 64.23597659990583
463 48.15147195605
464 58.93996176826905
465 59.8870637197963
466 56.764778170361645
467 58.28742543720544
468 62.07641129997709
469 57.99866742003819
470 59.42083750501722
471 59.500327170825464
472 62.414953432905214
473 70.70902631214557
474 60.29000687189224
475 76.77401862964322
476 58.2009139829048
477 58.27526019883055
478 45.85149011254431
479 70.3630829089013
480 61.50256578213347
481 58.50277212425602
482 45.79742624892136
483 45.88447321255963
484 60.063796620745684
485 59.966181564636834
486 57.82855274667856
487 45.96800295775188
488 60.42260857853984
489 58.110287714757305
490 47.1074707980929
491 62.215779667953704
492 50.310526115054635
493 63.343859340455744
494 62.896163484943465
495 58.00099375057392
496 45.86970946751879
497 63.54154512841555
498 59.28612064632673
499 58.42432501569448
500 54.853601915833806
