1 -551.3421814584966
2 -662.5520340867128
3 -670.5530368957994
4 -766.4563021961585
5 -247.9199646350235
6 -493.01135657639134
7 -726.3366543897066
8 -507.90839114603074
9 -643.8297615815741
10 -452.6859892074015
11 -704.2498175971756
12 -771.6398046415273
13 -800.5808976603839
14 -673.3668099632008
15 -673.4108750064133
16 -739.9150995003473
17 -624.3771342896098
18 -652.1159736900537
19 -668.1411547105533
20 -686.0913244828718
21 -307.9118537041166
22 -670.0339787140045
23 -576.7259968821701
24 -671.4580418702973
25 -531.6812173331838
26 -627.2032459072643
27 -450.70137600207113
28 -841.3340388031637
29 -474.6021785144895
30 -824.9103511070398
31 -650.9708341331354
32 -867.8559176701556
33 -481.42371251805804
34 -668.4517849662597
35 -716.1055909636034
36 -862.8014653695111
37 -658.6715640114893
38 -782.2534451367435
39 -668.6264488948364
40 -852.6153081188128
41 -667.571806937291
42 -666.8183621782752
43 -646.231685176229
44 -584.8818446305805
45 -692.3479480713609
46 -671.2718002829938
47 -655.8645518098975
48 -811.023075512138
49 -679.3548768072121
50 -593.6394480948339
51 -719.1843256974411
52 -474.877582069312
53 -670.9631824329665
54 -587.8194590671301
55 -671.1009467366823
56 -842.5788062266174
57 -857.9997065472517
58 -389.3439303570254
59 -866.2469439822929
60 -601.7385991617422
61 -619.2215833092953
62 -741.8539313050738
63 -662.5034806448627
64 -867.6461090202497
65 -774.5617671783881
66 -583.5564554760721
67 -667.3734959175916
68 -670.7073326890624
69 -675.7504399334313
70 -672.8426700165821
71 -659.5625947390625
72 -669.2155821588049
73 -712.2074080981167
74 -594.1388465482097
75 -730.1968915625197
76 -481.82154623743577
77 -756.8398762575624
78 -572.4742269244083
79 -725.8147629010164
80 -620.230868522201
81 -662.4838131109409
82 -642.118304251549
83 -474.5566179321843
84 -668.954136212309
85 -865.3764693680533
86 -655.7040247039573
87 -669.6961208684352
88 -498.755297642287
89 -472.8170642730784
90 -667.8639149723836
91 -671.0092851131924
92 -491.42897463998924
93 -562.8748706882927
94 -853.9957098280089
95 -820.3480642614519
96 -849.0684590423253
97 -647.3165502635414
98 -676.2344715312447
99 -538.1104526612826
100 -772.3772727541699
101 -518.6989101120943
102 -650.8420193563921
103 -802.8186183274439
104 -468.19329351850666
105 -494.46319837926313
106 -710.9353220043824
107 -670.5546904506482
108 -771.2394443937992
109 -667.9132884600185
110 -636.6793565501519
111 -589.5634618856291
112 -669.4640051854382
113 -864.3709359510307
114 -353.7814771260039
115 -747.2943951743662
116 -850.4335943934511
117 -372.0485416426318
118 -727.630418005183
119 -669.6657777813967
120 -472.0726976952377
121 -709.764209638463
122 -797.7781321618197
123 -840.378860795406
124 -738.8639461194362
125 -364.1405719405448
126 -724.4483375225714
127 -633.1669798653143
128 -539.8164529017664
129 -669.8049537488172
130 -586.3874990819513
131 -521.2355267792151
132 -726.0883091945185
133 -344.0214124646743
134 -747.1111582085061
135 -806.6941817141085
136 -844.2671334278339
137 -853.2319717960935
138 -855.8278563152994
139 -646.8538911467939
140 -641.4326108053317
141 -668.845169480352
142 -560.8623818971412
143 -686.9944828886611
144 -869.0652481625175
145 -864.8328699881864
146 -631.1679126603422
147 -671.6718150514724
148 -628.0238208400282
149 -583.3670164773981
150 -247.1756101618963
151 -835.0059524541108
152 -666.2667532868653
153 -811.9917107785265
154 -846.4439088871577
155 -324.1785602718703
156 -470.2362513230904
157 -654.9330023404185
158 -763.0633579490258
159 -742.5815402030375
160 -671.3950707254675
161 -853.7753369887117
162 -585.7006015272032
163 -435.43947532297045
164 -840.4406267918248
165 -788.9363476061125
166 -847.650850646589
167 -657.1408478971258
168 -670.4038254293498
169 -568.2086443054441
170 -504.8164317528098
171 -675.1018656572809
172 -638.5988119240748
173 -692.7980236796566
174 -661.5482503736876
175 -665.6710542668194
176 -581.8722370300142
177 -641.2492526995374
178 -577.3756100754049
179 -526.7425058080017
180 -540.6874991783361
181 -677.9826854033122
182 -582.6699749014579
183 -642.7038344834834
184 -612.8229447844492
185 -668.0893595393181
186 -567.9907211962992
187 -643.6983929893041
188 -475.3959032456791
189 -644.6775713813907
190 -775.4464604463778
191 -618.1382515726715
192 -663.3569706754973
193 -860.070529320812
194 -591.6538196948567
195 -867.1275593216644
196 -793.2668422725751
197 -673.247359100297
198 -649.9614543755501
199 -637.9124701035697
200 -791.0667094853768
201 -664.0508737339175
202 -589.2408881642666
203 -864.4770212827674
204 -607.6822211234609
205 -719.8739609044661
206 -672.508339868758
207 -727.9731582181906
208 -493.9269671395778
209 -772.3232473218615
210 -795.2447303828272
211 -662.2823369384074
212 -475.71252895363733
213 -631.5335486081967
214 -603.9530611065654
215 -758.0428064126266
216 -669.2855617595729
217 -581.7541073498302
218 -644.250129797804
219 -668.0642841356188
220 -474.01277334833225
221 -644.7385197705933
222 -669.5360536414055
223 -479.85392287731327
224 -665.0315594974317
225 -474.45036607870423
226 -670.2524313698892
227 -870.1438288520103
228 -472.8727819089922
229 -696.6713274392109
230 -657.912891093326
231 -570.2892691827632
232 -750.2873272152171
233 -866.2121732553724
234 -672.436951685696
235 -572.049466384464
236 -658.1840644225676
237 -667.9566156615621
238 -672.5275017479431
239 -707.4702717809099
240 -821.056235803413
241 -474.6848642201618
242 -741.4765267777311
243 -668.7629847983234
244 -689.4490647826887
245 -863.9257890382931
246 -638.62924225419
247 -677.4612557427477
248 -812.1320427593886
249 -712.7339585526967
250 -737.1706371078839
251 -867.8837408693526
252 -670.7535650130507
253 -468.8396783373529
254 -498.4960990698386
255 -756.2102759432846
256 -631.3527904485212
257 -692.0541517429787
258 -665.7674091268569
259 -606.1116246895058
260 -675.2020295205829
261 -618.398448525793
262 -666.5551184935626
263 -543.9215189020252
264 -615.0175693371779
265 -670.6528723907697
266 -868.968484019401
267 -613.9786675506713
268 -696.0357731535007
269 -667.8714684222881
270 -534.4062742949241
271 -867.7298555543458
272 -709.071337456479
273 -569.1406358490832
274 -666.5674937220323
275 -651.3153552683974
276 -582.2949604974576
277 -806.2269778856128
278 -668.774157162537
279 -665.3626354085785
280 -669.7935924921313
281 -696.0583621493837
282 -474.4989599637292
283 -864.4743323703939
284 -670.464401431325
285 -465.26949750573493
286 -565.862164145394
287 -671.957713852174
288 -665.2099829933694
289 -869.1536373807003
290 -842.5560150675685
291 -865.9415407222203
292 -576.4133128526043
293 -641.6068060266936
294 -663.4328605605998
295 -759.4305566938109
296 -608.8946661021001
297 -475.67501011521006
298 -590.7093646505788
299 -615.0744990134782
300 -477.0173476370528
301 -857.8638967090072
302 -587.6679800432228
303 -759.8702398625335
304 -476.0233245903465
305 -666.0754333415542
306 -831.0855348546094
307 -743.1147564698166
308 -805.7671009739852
309 -865.1333152955092
310 -670.9583584669149
311 -559.6465614727437
312 -664.9982669917323
313 -710.9507186482211
314 -682.4800463072186
315 -671.5459796705941
316 -588.4187125346201
317 -659.0927084724551
318 -547.186113205667
319 -861.6078940321497
320 -370.7253996440054
321 -675.1543633825914
322 -636.8535708298405
323 -673.5702741147546
324 -505.3423509791204
325 -666.7132833738028
326 -669.4378695224672
327 -578.1584240398324
328 -626.0891833647981
329 -656.8660306533573
330 -809.8926787047994
331 -420.92282136472164
332 -378.9140887644914
333 -614.9827070613148
334 -652.2702367894732
335 -750.8403348377152
336 -759.4852988810063
337 -864.373673653034
338 -656.098736226281
339 -665.657599799861
340 -821.7919148474808
341 -545.5791244946378
342 -539.1712042731515
343 -635.479918041666
344 -672.5966034034733
345 -542.2019544016563
346 -865.7930627023358
347 -523.0331552160781
348 -507.63421911743285
349 -574.5499105610161
350 -474.3887430165508
351 -474.3530255929286
352 -673.1030830565974
353 -592.8400661246902
354 -662.8728506346749
355 -595.6650678266808
356 -866.6943477548457
357 -668.59433660607
358 -549.0731269454325
359 -857.8866124214777
360 -596.1910514841105
361 -584.9796945164396
362 -471.6430020996011
363 -482.9142011299946
364 -828.0001719090685
365 -717.138089541736
366 -859.4576095557197
367 -497.604400726622
368 -784.6145988703125
369 -829.9418136577314
370 -657.8377272988297
371 -658.249735686641
372 -650.0170488479175
373 -796.0379958876971
374 -864.8341654430203
375 -764.2212749399979
376 -528.8688979116015
377 -379.28959755736946
378 -859.6506905835892
379 -723.2641927937914
380 -603.6371484311306
381 -671.757323662792
382 -670.2424848140167
383 -621.4082079374618
384 -549.2085647025789
385 -619.712029404817
386 -653.1237565451845
387 -672.6208704105002
388 -798.7337326297013
389 -658.8763814302554
390 -810.4330096264281
391 -599.7316971757028
392 -864.8162723998729
393 -508.64628862943226
394 -601.3046250815557
395 -475.10378582465427
396 -593.2297149465319
397 -542.3527409038287
398 -669.707186748251
399 -868.347842267055
400 -826.8904103864415
401 -836.7314969358321
402 -698.3733112384892
403 -610.6108866315473
404 -662.6935567221694
405 -697.960878701142
406 -610.8165575728957
407 -778.3881409326451
408 -644.4401888608904
409 -863.0840486111531
410 -756.3878599510542
411 -857.1938938020619
412 -635.3339192274526
413 -615.4387413331291
414 -860.8950459761858
415 -673.245582120929
416 -615.5670125958691
417 -502.43708660273495
418 -701.9339056763989
419 -764.0001518471303
420 -549.0092435499772
421 -331.1866445688555
422 -669.9819698104524
423 -638.9454650195112
424 -487.5206622770149
425 -669.2822052016544
426 -588.2116105633123
427 -604.8406575394299
428 -864.9124707125853
429 -711.2486295575071
430 -587.6665165885556
431 -586.006899799278
432 -598.8624384286453
433 -589.2907185985963
434 -780.2296548182717
435 -745.4962843056472
436 -865.8134366014806
437 -866.0811267205538
438 -669.9251537080838
439 -731.0330682872432
440 -378.3274097781847
441 -672.8874916972703
442 -606.7990845477235
443 -612.6956018954554
444 -673.2532241985508
445 -240.7917120111724
446 -658.754537843677
447 -662.3876671828336
448 -617.5646244719471
449 -462.15083534159106
450 -647.495926516151
451 -599.4325624454402
452 -641.8144064156747
453 -767.591997087228
454 -641.3052167347464
455 -663.7360980045661
456 -869.1077853488545
457 -469.69551441609053
458 -658.5154542544544
459 -665.2844396040183
460 -580.3535116322151
461 -522.2174134892701
462 -865.8552376453795
463 -803.3327546162685
464 -574.1425443064268
465 -614.0212643790932
466 -851.5149493601627
467 -478.5738569176753
468 -673.4918388217716
469 -561.3019650432234
470 -741.3912249775284
471 -823.4128675805129
472 -670.5195020614882
473 -592.687516530747
474 -723.5121557061693
475 -697.4212418185381
476 -581.6218649857971
477 -460.63358237274605
478 -648.4397091733222
479 -864.5004663771128
480 -660.0316576964012
481 -721.1407507317201
482 -670.7168748882787
483 -395.5406809490984
484 -721.044041385673
485 -859.8267995211401
486 -766.2344214495772
487 -866.669342947389
488 -474.9664493560439
489 -474.1896174650573
490 -818.8856186661689
491 -610.9639506615074
492 -723.0708245757933
493 -598.2344212460973
494 -563.9661301132872
495 -678.8473791651003
496 -645.5402857281398
497 -588.019291011769
498 -532.9973697074022
499 -673.2371812937507
500 -465.9618905433835
