1 87.13217909539947
2 117.35353847063716
3 120.96195511143458
4 126.0789864783448
5 133.33046040895354
6 111.09780925594322
7 120.69062710516866
8 146.61785845309575
9 82.82127952818719
10 87.01734240821946
11 82.91264353750213
12 91.36862548470536
13 88.61984014297252
14 99.08430419990493
15 82.75688351518555
16 81.87449973666544
17 114.30082032193033
18 83.23924602151965
19 159.29213144503342
20 109.38137438968997
21 117.05263694983152
22 113.72646202799257
23 104.0646194603233
24 100.46228693493664
25 109.82059920719973
26 108.14906848394433
27 107.10980159658459
28 88.660997601597
29 140.7003621828698
30 85.11664621911711
31 88.4874054474021
32 115.63503991717793
33 120.4814319685919
34 143.67349151397482
35 135.60738158363432
36 122.63521108992965
37 121.92201306641913
38 96.64860245982283
39 92.18718225832066
40 108.94300810515868
41 126.74046027619525
42 102.25295679140226
43 126.65584071679565
44 131.73362907747753
45 129.93852572788273
46 129.49744652479117
47 100.53125267996408
48 101.30912660556987
49 120.72712291214808
50 116.87205074092017
51 126.59210893719174
52 119.58104580673347
53 124.78075200593726
54 107.2361963441411
55 133.31758795939209
56 97.14807582004723
57 133.68930446621468
58 100.11529024021661
59 93.15421565844771
60 93.00437264246293
61 133.40059024436897
62 114.76148430702996
63 131.8889338631676
64 120.34043934906632
65 133.19621836923548
66 120.61071334117354
67 125.47162903634303
68 133.07788335359209
69 133.21333299012835
70 131.92386352011414
71 104.75712371423016
72 83.64389646245347
73 101.96306933349351
74 103.76851677778583
75 88.06775985870283
76 96.10083871416016
77 131.73836198204654
78 81.21078903289123
79 116.14952622552835
80 93.43983871587318
81 105.8782520435392
82 120.65177904397865
83 111.21135023544959
84 107.62387182537037
85 108.66323047479737
86 81.4747430344185
87 85.02911095411338
88 123.43130279572655
89 95.62782119095944
90 106.14054488415302
91 101.8429846835353
92 123.1985912251463
93 109.2308202577678
94 140.04771139566546
95 110.43440580550701
96 106.96032409081023
97 121.14419092317618
98 127.34563042265253
99 106.5759911207174
100 98.350053283854
101 123.5815332520724
102 104.8348418383285
103 144.845613600635
104 128.66456897856386
105 145.53385973147894
106 117.94208172366615
107 97.83153495974031
108 146.2609164657896
109 90.10852146282745
110 109.12079680076782
111 116.66742572085822
112 120.61939672244904
113 151.9945790549542
114 96.1758674910771
115 103.05358987461409
116 145.128945846638
117 113.19702690508518
118 92.84169636775327
119 95.79452574999938
120 101.52117187437659
121 117.4681771339697
122 94.36151324130623
123 143.18675762910158
124 125.89373234095574
125 84.34749277123291
126 89.70027671556929
127 132.6596878992512
128 102.40640842800413
129 97.04134652888386
130 125.06865538279429
131 83.44743443732874
132 124.23820285541977
133 80.7240280960744
134 101.18245537103843
135 87.86010533028174
136 99.26696484428676
137 78.69192693870941
138 80.77772348042231
139 141.19733395920494
140 119.8009929611724
141 120.22783986726742
142 104.93866877461913
143 99.67901338638869
144 113.85102009738814
145 119.30142224485466
146 100.96919251283887
147 127.00409531306089
148 116.52663636872327
149 130.29963263019727
150 99.11425068189655
151 109.41700096764029
152 111.81611823069862
153 142.79691874611584
154 125.84936436522342
155 86.28719884320441
156 99.93817409540316
157 129.87963804608808
158 139.70225247430304
159 115.88413137158072
160 136.3475945260324
161 132.98067334321757
162 147.4052259145312
163 110.08108151595253
164 111.4291071434945
165 127.1788140904129
166 136.63613302022605
167 106.62922314907055
168 146.69530082698185
169 105.6701418095963
170 134.23766190527286
171 96.82139174507772
172 99.07707043365846
173 105.46820723227181
174 133.25336158767033
175 99.16502850586323
176 86.51977471555774
177 90.57474708428548
178 99.82083833042982
179 101.1771381537966
180 123.67178831304399
181 131.11093317206567
182 115.93663703491148
183 113.42579759038023
184 113.94590175056685
185 119.60823986090841
186 96.68946962221594
187 98.57921651021944
188 124.33086996565235
189 88.9496310689186
190 81.58391096219114
191 119.83155950102561
192 132.74217614546623
193 90.13094452403578
194 118.58280757449975
195 119.17127441783269
196 127.91931102909703
197 113.96578258657101
198 125.00180192703854
199 115.62823064293568
200 125.25862014059038
201 126.00172644667856
202 95.79927454243182
203 126.34175822199903
204 134.34148445811311
205 145.36337675085082
206 102.09124648935912
207 119.6781904348267
208 87.038321072941
209 133.2280080718135
210 117.30088360705757
211 122.2557931877035
212 131.82625614176519
213 139.7792260297282
214 110.95927504177813
215 125.86794441964464
216 121.34091732333107
217 117.99586471525767
218 126.69122594423565
219 126.33367592433225
220 133.20875629816038
221 132.78563381117755
222 110.00647412857066
223 89.333989796258
224 124.1055315926944
225 86.59281461748316
226 94.2676794495328
227 127.97599300505644
228 138.10197333788582
229 87.16338778782054
230 84.4116533315423
231 117.12571164690291
232 90.15726391619171
233 85.23891943980301
234 115.060347437095
235 111.70390562183167
236 91.86116909939867
237 104.53196892977667
238 121.81039553842338
239 111.56274657450128
240 91.8972465953739
241 126.08910838626937
242 102.70945711023725
243 85.89257842501587
244 111.13261405650456
245 96.56636934259375
246 90.15085673536056
247 89.61603171554502
248 104.20441303591485
249 90.4838147679929
250 85.8752504166088
251 119.53722181248804
252 136.35723381667665
253 94.26184350492846
254 110.51341283918663
255 101.89920944394912
256 82.01519430996669
257 142.77610254007828
258 120.21437222555808
259 120.45715806787895
260 119.61161993065356
261 118.07318431759062
262 87.98796632790088
263 84.81897334361584
264 117.34259981136373
265 127.39857482738232
266 121.37847935165341
267 119.40053211977374
268 123.60831155360802
269 99.98612725037749
270 114.18482812190204
271 103.12461757739031
272 127.72937345940863
273 133.9459900668162
274 117.49404655100781
275 112.42149973685851
276 106.88261096425184
277 118.76296614268044
278 116.53851939966167
279 128.19432644289813
280 109.06696230728949
281 99.97054550406007
282 94.11584461574894
283 102.38874116094992
284 105.20360292738289
285 139.99795911266787
286 111.53160086388542
287 87.1548251762555
288 102.37914009989179
289 137.1144848810988
290 135.09739047142767
291 137.6197964554343
292 98.53669654048763
293 137.62982377490823
294 126.59467236875189
295 101.63513436229577
296 144.24636119037308
297 133.07790987957137
298 139.75385029810877
299 89.22822840660287
300 85.86722308825456
301 112.83420102803274
302 139.64714578590622
303 133.17770217010585
304 144.08088158371035
305 122.54377079971853
306 144.97777659352005
307 97.56171525015256
308 140.84904857431994
309 133.15173370187352
310 123.96609320174053
311 139.37435853901843
312 101.34492778820689
313 97.47831740247639
314 132.10350421577118
315 104.19778632077087
316 160.70397855463443
317 92.90082230754872
318 130.8732858076124
319 104.19224217431663
320 142.7862510858186
321 107.85711700983337
322 100.96362234433805
323 140.50487419387537
324 97.12013855386738
325 87.61489807230959
326 110.76700687345107
327 110.38787434474932
328 133.72623875742508
329 106.17141269440452
330 132.66596430851843
331 118.97786757347768
332 126.60044579788837
333 119.85650777919837
334 145.57356710491658
335 111.52030601157651
336 146.33888226658294
337 98.12565913911949
338 88.34997250293368
339 138.08980059429948
340 133.1041470304841
341 106.90977884759766
342 84.9900059560011
343 109.84868733327595
344 87.89796471381524
345 126.79451589966423
346 133.58578497365065
347 120.18620975807964
348 78.69230588854852
349 140.11844342523196
350 84.48082699980095
351 118.8950768955492
352 116.50329744530005
353 105.62517681158171
354 121.8323433119788
355 135.62994945075008
356 117.97373683947363
357 127.03130958592853
358 107.19144012423325
359 120.47230292047922
360 145.85306385576726
361 125.52448618440143
362 120.82504225500116
363 122.19118356230001
364 120.36374526231641
365 104.45181427290251
366 88.22938683702967
367 119.18840951669081
368 140.19596448641929
369 112.20669830146205
370 108.44957575143731
371 141.20087673077867
372 96.27083239673412
373 114.3898299646747
374 125.89852070934532
375 131.7647121624093
376 99.39211069324753
377 129.3840369402054
378 137.58605752696974
379 126.89231030519606
380 85.14313289787226
381 95.26667742499306
382 127.86381639811033
383 78.06215068175325
384 128.87516997620008
385 118.47142595780598
386 124.26147075399652
387 102.7132619207047
388 135.52331005438327
389 109.62701534022742
390 90.74291656987867
391 102.99621972828007
392 140.03020923253192
393 115.11721256855519
394 121.53141081814155
395 160.7910952082184
396 133.2479317509678
397 118.61656823692843
398 101.49425528687006
399 127.42809629111102
400 126.65809347740098
401 133.5379717979616
402 116.05796833944991
403 129.19251023953555
404 139.9167144527545
405 106.693987317893
406 119.15560470826503
407 102.19244709962682
408 126.7912130780113
409 122.97008620206682
410 107.45814133710874
411 126.91821832686593
412 102.167326154188
413 119.14773682114021
414 85.41389284626656
415 113.27236533902142
416 139.67007813507792
417 103.38209399320411
418 127.85074713781931
419 119.54977176012798
420 129.76486083569415
421 129.42467970354562
422 117.06384140583887
423 140.10607496948109
424 91.56601010101392
425 110.58568982546126
426 105.31087418944286
427 116.45939654943204
428 85.8077851837796
429 127.54541863348587
430 100.0554838991149
431 105.89418588211997
432 94.63718005074612
433 120.68057499896379
434 125.89299947864484
435 127.20684167394252
436 125.73100323535364
437 120.41874611003541
438 108.02814314489711
439 86.62769338816011
440 128.92730746099335
441 133.89748495006884
442 116.92251375914742
443 129.7608774141352
444 87.36075351647823
445 102.86979607717366
446 95.42463016641834
447 133.89231622978158
448 104.68339714696651
449 138.32994225408112
450 128.09407479227502
451 83.36374519873955
452 82.00816604414803
453 137.93155462572804
454 146.64662603512332
455 130.2441098671759
456 105.48221667412655
457 137.05767641097415
458 153.48416841110827
459 92.16150229129823
460 139.43812810632303
461 107.42322703813335
462 131.9871283000969
463 128.1836642285346
464 88.4512491480219
465 121.58792557309738
466 149.84005516962728
467 94.70203687109311
468 144.38104172465668
469 113.09308521502727
470 146.68077412223323
471 136.60451607724804
472 89.18235967860971
473 127.448276084344
474 90.67063467967205
475 118.45093515568152
476 135.93268809412908
477 128.91682866982526
478 127.01961040687904
479 144.25627480074593
480 103.24164384051274
481 141.3462359344237
482 106.81715944166898
483 101.49277151290765
484 93.3075017926509
485 91.30921885219233
486 109.58597666052538
487 127.20874515748122
488 80.75057583014969
489 84.77189771721588
490 108.04510829365557
491 143.00139164894273
492 131.68029821930736
493 114.78063422533491
494 100.2138688932939
495 119.5433857591945
496 133.06755473830452
497 81.14127258448976
498 143.03151793425718
499 122.9181999985758
500 125.73060345190048
