1 57.62783170634174
2 45.73108796304129
3 45.27956652831981
4 58.0854528134068
5 86.77970829749664
6 45.9605480591818
7 64.49823454441025
8 61.38369458265869
9 48.83565962008848
10 66.86394255298077
11 59.58484151748368
12 67.88643929818775
13 58.500883819123544
14 61.66286199499717
15 63.85878824595174
16 55.04725471279886
17 84.68129621386491
18 63.233652873967976
19 60.59551431654514
20 57.748402557942285
21 73.46898803617361
22 63.569007413118534
23 70.67543760397035
24 58.43850278923017
25 62.70733597983027
26 60.206289591574766
27 60.23063819285916
28 63.11173172085893
29 70.66995027735953
30 45.959104095124786
31 58.12024998066186
32 49.3357202131413
33 57.968806396358794
34 60.13260923233994
35 46.86780304308028
36 57.92425466737486
37 47.001145753785515
38 65.38023775204378
39 57.79303082823351
40 58.032818579229684
41 62.56049681483822
42 65.80707224923516
43 64.85217223876076
44 57.88415085612982
45 58.86313766325587
46 45.920010515278
47 45.94867864195281
48 59.16963741488185
49 75.50006100127104
50 61.154526787917234
51 57.3976645343299
52 53.440391372650595
53 77.50071113284206
54 53.23560522762401
55 58.36249913660813
56 66.60855813349461
57 58.500549687834486
58 57.60966611468762
59 63.58901182616983
60 51.604239804864406
61 69.8500653380554
62 57.81135544434228
63 58.649548391106144
64 64.08333120856112
65 58.09192528851314
66 53.17833758697973
67 55.219953825495026
68 58.56021159696198
69 64.92704270483995
70 55.65601120540967
71 57.998998623889044
72 58.38836628915791
73 64.62608686768282
74 63.08764729112587
75 70.45385320628785
76 58.40213087925915
77 59.11495991241169
78 46.635944973510796
79 59.66006784149275
80 58.54173342323328
81 59.94307599728109
82 57.972839815560576
83 57.73228201980146
84 63.41455057453518
85 63.33270497767087
86 71.63492858105356
87 46.4120497603769
88 61.89940447824355
89 47.20543986917973
90 58.403596779482235
91 59.13824905816462
92 59.71371192282903
93 63.00055610968828
94 63.96338101815738
95 58.094359381629246
96 59.045967782881156
97 58.21869895711521
98 56.547630068653326
99 63.216510138795734
100 58.24687320299289
101 64.39614538163498
102 62.428829924281494
103 57.912730930548776
104 59.59386574501086
105 58.2778100397242
106 63.77631432185872
107 58.92648576959717
108 70.1323584441429
109 53.98811141974224
110 69.58571441778906
111 56.22191880144221
112 63.40076993302865
113 55.41348084470274
114 58.64847281214161
115 59.43654706818038
116 66.57742968046597
117 63.938445727564655
118 57.942062295283016
119 61.29036448767409
120 56.03809859807599
121 49.89739530017081
122 45.862257041313136
123 59.18676192255977
124 58.32169130074591
125 50.600309900605666
126 63.32342226419204
127 53.7526264212499
128 63.37346053803111
129 62.21207672411931
130 63.71552395527243
131 59.264601787310696
132 57.8342692527044
133 63.57072427440081
134 58.08090434527254
135 63.33633446355264
136 54.4282650619188
137 60.35989451569515
138 62.34705073113119
139 60.336221377474324
140 63.118222510331236
141 54.70149592104124
142 58.17333184240083
143 58.249110471874374
144 54.08868382216822
145 58.87239991449168
146 71.16989623275151
147 58.90091005706877
148 61.70008317273322
149 55.88400842803642
150 57.67161750115455
151 70.1720446249202
152 64.18528880424044
153 50.10340595868541
154 54.613335415705095
155 55.503933112377126
156 58.454337687369275
157 62.190337152939115
158 51.50993099444074
159 62.856657945224924
160 45.90916492029244
161 49.86084271885949
162 63.312533893934216
163 61.168795485992966
164 61.03449953953292
165 63.56820432238972
166 70.86142380354174
167 57.73990019814334
168 45.924558386799795
169 77.38289836197293
170 52.911770852361684
171 70.54879243504651
172 57.96927900459799
173 45.91475108397158
174 62.76110821847234
175 65.31983407598473
176 69.81627304145648
177 45.859383259842296
178 58.136873939958605
179 76.0936564391956
180 60.97582793867419
181 69.56988415269441
182 58.445542961848
183 70.36775770940808
184 45.67058109377238
185 58.07853731409671
186 57.982166216498825
187 61.77777215224409
188 60.05846270602776
189 58.0516827599342
190 57.948246274130064
191 61.24693284044495
192 58.013370437149426
193 63.17097376517315
194 46.46295479987911
195 63.85935005506215
196 77.44202807042102
197 69.99901640494406
198 62.160085401900794
199 49.65557495880172
200 56.62083008973475
201 58.31324632361839
202 59.87740670187373
203 60.71339774823036
204 57.764269032919564
205 77.6860916522389
206 51.725592082109195
207 45.96002473912124
208 57.814653344555445
209 63.581368441152364
210 70.15076948641604
211 60.773952720858034
212 58.17693631656569
213 60.05957885876383
214 68.76593613877249
215 60.98637267457387
216 58.04968394140813
217 64.1007369385243
218 46.74465829679605
219 63.120072530969075
220 61.18692601508943
221 54.805128189469
222 64.85922906876735
223 71.85110707848835
224 45.82510653913146
225 58.705426340957985
226 71.48785479168404
227 45.77965407131437
228 45.905565807645196
229 50.2400115554479
230 54.184940400505305
231 58.092048445774054
232 70.16696862681047
233 47.025327133750054
234 63.43423901927675
235 58.99661670942614
236 84.96405511582242
237 58.35186786029257
238 50.97904588668268
239 58.354388127403126
240 60.810932612346036
241 70.36048432061247
242 47.664513472462446
243 49.58338610541271
244 57.75684205016746
245 58.567639118880464
246 57.89252260246902
247 58.10462511220733
248 58.86720401913227
249 57.83577256622113
250 47.137162780434394
251 45.93123890914687
252 68.18168297366032
253 47.53381471615518
254 45.938166002364234
255 57.2355589951339
256 57.17019898351636
257 58.19312796293521
258 46.49638906913465
259 58.56023571222121
260 58.89860432269584
261 82.88585938924786
262 58.037575065820015
263 45.837432297785405
264 45.95997936935586
265 52.050845705548106
266 57.943534746690226
267 70.63491554038366
268 58.13671096318772
269 53.18151388802287
270 57.625500624421036
271 57.90919561910586
272 45.731284624568346
273 51.44454953307347
274 59.167922491979525
275 70.18051604293296
276 49.15272459212624
277 62.347976238035756
278 61.947463695821554
279 59.084990098634954
280 68.5216073163224
281 64.81932597424093
282 57.578159427554795
283 46.50188527973313
284 57.9576995441843
285 66.3514331772829
286 45.87680708996398
287 59.697333743590846
288 48.613085289095515
289 65.55681082054964
290 60.25762025176215
291 54.43584980824394
292 64.84283166190065
293 48.36342498023409
294 59.51160034165514
295 57.804353030014354
296 46.743729050789966
297 63.56027816683799
298 70.3488474749808
299 45.90201409365417
300 59.17163508774313
301 53.6786133320614
302 57.83792786574981
303 58.11693965250817
304 58.92250960241209
305 45.87505309643776
306 46.859650847592576
307 49.06211529836545
308 50.97528605983219
309 59.201544575956085
310 67.84555898096649
311 63.896503153285956
312 59.1373458441753
313 50.58032597348755
314 70.02460408135889
315 50.19461248420308
316 71.0103413060768
317 63.70978186984863
318 69.74036770700081
319 58.25533449857068
320 56.67551711015605
321 67.54185782940466
322 53.91148168630996
323 62.854885654333316
324 63.310314529583195
325 63.15900257901744
326 57.97553997353839
327 58.26442283765015
328 47.948478927281315
329 45.94692926819049
330 45.935218669397706
331 64.02132554800914
332 53.02373681588196
333 58.264065829407926
334 62.674078644768834
335 70.157493798809
336 58.26822706095688
337 52.26130070399033
338 57.950950207007125
339 47.30890517295285
340 63.32752782716206
341 55.06721834224007
342 55.72278258616447
343 58.947453734345395
344 58.04119060878184
345 53.94375460600672
346 45.72151927178353
347 52.38501960294455
348 69.6012724170754
349 63.76976661205502
350 47.26757265434439
351 58.067145312576265
352 57.84290318204169
353 58.22563895109067
354 63.94632661256846
355 58.43023610228684
356 61.779094462553076
357 59.81545774742618
358 46.003478858637315
359 58.50567188183274
360 70.74362202467552
361 55.07693284073444
362 70.35257438858937
363 62.407137144010626
364 70.44388614363871
365 46.48375628007468
366 58.02888693676728
367 58.09044016830627
368 66.65212717719407
369 52.742512052858864
370 61.95167477967505
371 63.35497201536546
372 57.87869864874043
373 63.66471153701128
374 64.17834039963036
375 50.89287112823108
376 61.261742228443936
377 58.81964072798801
378 70.34508839375019
379 54.15082885074049
380 56.766158511693156
381 49.271268642189334
382 51.453378947390156
383 53.85539903907013
384 46.42176839644578
385 55.136477420248426
386 76.29349494995556
387 64.66351355337794
388 64.96094291491538
389 59.798121114969945
390 58.93165829075324
391 56.529874256323026
392 45.87759106879881
393 59.78499814733962
394 62.84654871756675
395 62.698968367200685
396 49.53467812797041
397 58.190143773549906
398 72.19774593375902
399 60.76936440012782
400 45.74838903042472
401 57.923708623876685
402 51.84177873557234
403 68.94844233973232
404 45.85134585226474
405 58.6941700728265
406 45.84947099281018
407 63.4741123376759
408 60.27375435017083
409 45.758580526266876
410 70.3958764667627
411 63.77415447559723
412 49.12897485724505
413 60.37794466287649
414 63.598716570849476
415 70.77603574329423
416 58.57363784331197
417 59.120964450170206
418 58.40219993921551
419 58.3032579913219
420 58.72824603238852
421 61.777504416519
422 57.86233781638156
423 66.38385086585977
424 61.89828418000058
425 53.76943651681838
426 48.006712735690236
427 64.33475803775632
428 52.721808824362
429 56.92324647563263
430 57.96741873537388
431 57.95342367999678
432 58.47514752270382
433 59.443685425328255
434 59.90908212658883
435 59.15987217386151
436 65.44446258426183
437 58.599724021099334
438 70.35411909974222
439 60.81899517326046
440 58.09011204782197
441 56.85802673627289
442 62.89645404104513
443 47.15237394455504
444 51.95140721426389
445 62.16311219102193
446 58.075516719554216
447 45.775970873724276
448 58.602065215295816
449 57.94694603932739
450 57.1648386219417
451 74.25124592520267
452 57.899173030408015
453 70.2752029803025
454 65.0644470617602
455 58.62779834972964
456 46.856073167350615
457 55.831541478643175
458 56.10891265634833
459 58.01435996200732
460 63.58977016951544
461 58.98960018040296
462 70.46615372641078
463 55.191528363548244
464 48.7160018274451
465 50.59979473001876
466 59.129318874439775
467 49.23898952307042
468 63.09430696353745
469 77.26326226951832
470 64.0740001508369
471 55.982754721321825
472 58.40463610090445
473 50.216836213135664
474 58.123841825564995
475 59.32614436855492
476 51.866434945532795
477 58.00621064446154
478 72.16802087495118
479 60.00074474254028
480 65.68164330079102
481 59.932211559592446
482 62.0034934716499
483 69.87272046563638
484 63.12828530632979
485 59.52489828914433
486 63.043041967054585
487 58.29138789199999
488 57.97775793094504
489 61.599434758946565
490 60.41820604047583
491 53.01537307801257
492 57.8537628086302
493 57.65553061743703
494 58.03933189731681
495 54.011161460305786
496 45.83729881628067
497 45.89431565180807
498 70.89438390851042
499 70.36750333863495
500 58.37292229885702
