1 -839.3480210247108
2 -735.0893402596998
3 -593.6403060968161
4 -548.2714151417874
5 -868.1054374590844
6 -825.3704334738483
7 -864.7758777574302
8 -676.2312431080455
9 -534.5825163739313
10 -617.2916955020817
11 -759.3404503344188
12 -593.5032864028595
13 -657.0506833560503
14 -740.8912479943604
15 -804.2069696729377
16 -769.9914289623175
17 -605.0577567590866
18 -466.5928019460937
19 -480.0462097637795
20 -868.4393010589587
21 -866.4227277294349
22 -673.2813241900549
23 -660.1370571563516
24 -479.30241418291615
25 -649.8252525181836
26 -534.6564259761743
27 -838.2519637512975
28 -867.1557669122402
29 -586.1827829400601
30 -669.007623066637
31 -733.7264565399852
32 -734.615491918089
33 -579.59535730696
34 -604.4206281125203
35 -665.0019533516712
36 -481.41940654541065
37 -685.1423831519638
38 -695.8642234297644
39 -691.2938849466996
40 -728.1963508675458
41 -632.3580139384636
42 -677.7898788077144
43 -673.7361630892923
44 -587.5193102223972
45 -866.3838529503325
46 -638.8208707128796
47 -729.7942231882678
48 -826.277660237958
49 -665.5263766457182
50 -671.7881934294729
51 -609.5430917211951
52 -669.0740613584665
53 -787.4941441560899
54 -641.1862966809554
55 -717.3939037913408
56 -474.43226584935485
57 -681.6987227304833
58 -368.27432293336847
59 -667.3810416618663
60 -574.5548670020338
61 -862.1546772093508
62 -596.9946876874383
63 -584.2992126853535
64 -711.9779723629414
65 -671.5474140240093
66 -676.0728913690375
67 -865.9171215567833
68 -671.0396509470365
69 -681.0297427382728
70 -662.9320938681782
71 -473.85771911664693
72 -864.7806640964925
73 -797.5251152597883
74 -415.31096990118
75 -668.7481898289751
76 -584.1101485314706
77 -666.9129893089904
78 -712.705869348819
79 -695.8689153748948
80 -368.6105811946306
81 -583.1030786123584
82 -831.2274532052113
83 -662.3960219067159
84 -673.547507770757
85 -783.2001945399265
86 -648.93416761162
87 -682.3908303358444
88 -670.6093434905537
89 -397.8372436157874
90 -586.8065634544972
91 -664.2513798444332
92 -749.867103949782
93 -739.8047325163074
94 -575.3444446000359
95 -865.4501376993248
96 -739.8694436211886
97 -473.32172015071603
98 -616.0581775193166
99 -867.7773060942012
100 -477.8709481807638
101 -751.3112109070261
102 -581.6314099581882
103 -596.0910326191664
104 -854.7096410421157
105 -626.8846186003105
106 -672.0066829842942
107 -527.0275988748226
108 -642.9854118656077
109 -758.6452570277941
110 -689.7334758709618
111 -855.7103878317697
112 -745.5916970916597
113 -463.14053396709704
114 -589.0162607946701
115 -604.891300608483
116 -472.7048503865262
117 -474.0922190871893
118 -665.0625053094069
119 -471.1647996073196
120 -609.5365761252739
121 -752.6159203536108
122 -725.5983164042926
123 -844.6659729709197
124 -802.51951246624
125 -634.1373162405752
126 -636.7138866216667
127 -857.4688092999662
128 -583.3661040231198
129 -534.5502641654467
130 -672.5491857209772
131 -748.0585154886664
132 -866.7110100031571
133 -746.2269453766119
134 -585.6893640574766
135 -859.1541950904824
136 -564.6969596925701
137 -584.097875383159
138 -671.5620079771401
139 -668.3540021829308
140 -475.0229501488436
141 -671.8652279008558
142 -523.704992928531
143 -672.4882151790553
144 -666.9380575622914
145 -788.1770304619946
146 -582.6323470511395
147 -869.5691742647326
148 -675.2231604415036
149 -671.880153660752
150 -601.2643415871682
151 -604.0369275838085
152 -607.163880931879
153 -662.755165791844
154 -738.2241708001058
155 -659.9401845904617
156 -466.77353842545233
157 -566.627979699894
158 -588.5963879817303
159 -775.7033274515466
160 -657.9634438052689
161 -717.0850069582413
162 -456.8634051981838
163 -493.4522827557074
164 -670.2515962050567
165 -704.3266272627802
166 -750.9910754087213
167 -693.5791872118691
168 -537.6476097733236
169 -774.0644565650673
170 -474.3940621403022
171 -468.3902520674134
172 -675.8477407102117
173 -746.0902371139888
174 -441.7742828570675
175 -865.1006116296138
176 -652.5293596906373
177 -673.0741209489214
178 -755.1988375283715
179 -865.0023795568045
180 -497.2107084491412
181 -803.1235958827777
182 -845.9891363697009
183 -671.8464067746883
184 -487.7074970652023
185 -515.0697916774081
186 -833.5498343709073
187 -791.3558704214302
188 -652.749871637865
189 -579.196073035946
190 -668.1833570104274
191 -737.768609026473
192 -866.0963574785832
193 -620.4592210525228
194 -490.5534971928573
195 -544.7521672133361
196 -736.3659142102451
197 -668.1209413715355
198 -675.3066813841576
199 -476.74872275306126
200 -671.1566185860237
201 -683.7497341420808
202 -857.6385815000255
203 -477.49899774527574
204 -769.9478383581684
205 -797.0931198871652
206 -751.7075768312521
207 -319.1032884826404
208 -669.0068792899069
209 -793.6736576777834
210 -494.2592682467005
211 -869.4540122086913
212 -476.17272865423877
213 -674.2003381763781
214 -868.4186979135739
215 -663.7820863378618
216 -794.744234494271
217 -701.2291204252929
218 -464.8404069050058
219 -596.7614251119193
220 -672.1387266709987
221 -672.4511382809022
222 -577.9602959138062
223 -821.6740904157227
224 -675.2681252782
225 -670.9423074944128
226 -650.7407892022272
227 -671.1937149372612
228 -745.0571493840412
229 -460.0321807679986
230 -675.1313051534346
231 -536.4984674823688
232 -659.8607465847377
233 -672.4162318195805
234 -654.1416307252962
235 -662.8769234576571
236 -748.437179808934
237 -576.9253190884641
238 -758.0643425572998
239 -864.9089801358984
240 -841.656108252909
241 -662.968156164716
242 -840.1911181820882
243 -659.3083305311666
244 -865.0426402342931
245 -844.9591638459045
246 -641.384106216457
247 -563.3087902305045
248 -481.1852884884602
249 -572.1804367375642
250 -807.4678624841307
251 -733.4222770094159
252 -514.148043433613
253 -612.6622855228999
254 -587.9210036162543
255 -754.8240432029006
256 -571.8197130085981
257 -852.3163630738736
258 -835.9528918245592
259 -502.05473123731645
260 -674.6074019482134
261 -668.447867412634
262 -698.7277531923711
263 -794.1657306026626
264 -796.1324688296909
265 -671.4336764497453
266 -576.6702264134543
267 -622.959675783596
268 -692.436153431382
269 -723.2676361631854
270 -576.4670260243997
271 -435.5307655704384
272 -673.3606397578258
273 -533.8261118111351
274 -666.3380458887539
275 -686.3389598578649
276 -866.0919886058505
277 -669.7306530630873
278 -691.2864459740142
279 -762.0581231327835
280 -575.5792058249356
281 -424.69806297512025
282 -563.1915100291787
283 -660.8552225092907
284 -608.2442643845252
285 -521.8935255902652
286 -664.6288817316073
287 -672.5155071042574
288 -668.9987062761646
289 -864.920088318174
290 -658.1893416557908
291 -617.434116712779
292 -672.3851123363683
293 -414.5296222690209
294 -669.9409333701421
295 -651.8784189660902
296 -675.9871621373259
297 -748.7669485424088
298 -645.6881387047531
299 -629.9309749694106
300 -652.1313074080684
301 -688.6468616039613
302 -737.075231490219
303 -613.7620323909063
304 -727.5964882770822
305 -865.4430400846666
306 -742.7100115365058
307 -607.6820418707962
308 -646.8926047683984
309 -474.91593332226904
310 -659.6641564445573
311 -864.7771139401676
312 -583.5130192739202
313 -866.1137119001152
314 -595.4336886684644
315 -573.731660213583
316 -671.3522038923554
317 -240.66111954133316
318 -669.5506688930491
319 -672.7514372804982
320 -674.5694831749619
321 -666.3630377925148
322 -719.3014742825208
323 -669.726355392329
324 -550.8071923155766
325 -688.7312741681068
326 -483.50156722492784
327 -667.866264020657
328 -865.7570851733169
329 -773.236585185573
330 -585.3228608324249
331 -576.0476667996552
332 -673.5303101322805
333 -571.5829486659189
334 -865.4010480404924
335 -657.0585615259579
336 -860.8038671800184
337 -866.2093446930047
338 -707.8547741790969
339 -621.2757762400912
340 -474.81037792570623
341 -841.510206596183
342 -648.5783384274869
343 -572.1639677979439
344 -593.4383738903308
345 -736.1367114254369
346 -689.7569609154111
347 -847.7204008896833
348 -836.2977127024873
349 -671.5051419139394
350 -861.9172952293069
351 -671.9604066256535
352 -537.5105861534674
353 -869.9155820350396
354 -819.4627182628102
355 -610.5526121317125
356 -647.9734451633158
357 -606.4088612341645
358 -866.5492927063756
359 -664.6688950420523
360 -864.4416373492095
361 -669.8501033874192
362 -583.3029704766934
363 -753.9052586957309
364 -611.7679573190204
365 -673.7986755724905
366 -576.6131195032609
367 -828.5824270942164
368 -718.229493547269
369 -586.5396418939955
370 -634.131750481164
371 -538.7782908971822
372 -688.0823277894762
373 -632.8513609080635
374 -675.4628061406289
375 -473.48401967360695
376 -686.2368661967887
377 -859.2569003673409
378 -660.118273673897
379 -866.6545421177943
380 -757.925919492239
381 -598.251619769435
382 -473.8686806847353
383 -475.57938331730867
384 -474.33498829588694
385 -868.7307073021682
386 -671.8087039140039
387 -654.6490897372081
388 -783.777076163272
389 -703.1530515138064
390 -673.4587217961887
391 -578.6566042945958
392 -670.358965969206
393 -741.8154993463123
394 -837.7886359924743
395 -786.6688182175749
396 -507.2075901210158
397 -794.5695932400462
398 -780.3925980824774
399 -555.2650901877911
400 -859.9865873363455
401 -668.7164416762957
402 -586.401962760368
403 -837.0442197917554
404 -812.9623936602864
405 -864.8933166814898
406 -577.5897464489068
407 -867.9335936113151
408 -864.370789754316
409 -498.53677665733113
410 -778.4370824426172
411 -762.5964279050139
412 -575.6032068802681
413 -831.6588298968542
414 -705.292187303626
415 -789.6852780219652
416 -474.78389820660016
417 -570.5250642746397
418 -849.367547633522
419 -664.6582624582934
420 -765.2367398157032
421 -847.9370227575924
422 -664.720411619511
423 -659.0699981268572
424 -474.96335735603753
425 -571.5672223299706
426 -580.681813433351
427 -583.8323978324519
428 -576.0867626147963
429 -607.1992973715502
430 -646.803150817632
431 -522.4960819750366
432 -643.49842718478
433 -865.9676216656848
434 -807.5655220885537
435 -473.8818625403606
436 -836.3479876074056
437 -713.2597549877422
438 -750.6210342357456
439 -341.36073859401426
440 -572.4647735282218
441 -778.730814695575
442 -539.7302028009042
443 -508.58179169264537
444 -866.5027721255304
445 -555.6203239583378
446 -671.7121328889806
447 -635.7905153489165
448 -690.7226345265935
449 -646.3853984671683
450 -596.92704748035
451 -594.9232622629601
452 -778.1594021511527
453 -675.9303938799927
454 -665.3845039563022
455 -676.0355038751376
456 -679.8048639088007
457 -473.8220955690308
458 -690.1358276531822
459 -578.0234495763904
460 -667.7082408513186
461 -558.1675542360243
462 -711.3774086348643
463 -704.3225266133843
464 -653.1556543427617
465 -774.1919271948715
466 -593.2030940614262
467 -640.0429894737077
468 -712.4646388490278
469 -607.2074117393043
470 -654.9804372944133
471 -674.8918564356951
472 -579.8930935821077
473 -575.6429153307866
474 -579.5584555470665
475 -832.3552344954584
476 -671.6512017227591
477 -855.7114756211121
478 -659.2177038417593
479 -465.435831623506
480 -865.301485719817
481 -812.3953252484863
482 -646.9729322239721
483 -674.6615246289729
484 -674.1948627477722
485 -747.6754463979971
486 -661.3577142994002
487 -474.6333898649015
488 -853.0176519055015
489 -708.5308104546531
490 -774.5323897789034
491 -669.5595805869875
492 -519.0541649706754
493 -661.8809881423939
494 -824.0862998457474
495 -624.7456720947342
496 -670.3136661890227
497 -754.4816784186846
498 -637.1193905455875
499 -707.4778521122171
500 -475.19003540408795
