1 58.11569000670058
2 60.04530073209576
3 58.67062806203616
4 46.131064153271545
5 46.064202916313924
6 63.85610811375015
7 45.7736112444969
8 57.735143326486956
9 64.66278412071905
10 63.19908900264267
11 59.259314012891465
12 60.653569232437334
13 58.75483873151158
14 52.60947893984549
15 58.07899336719006
16 70.31298584313079
17 53.6236881601697
18 66.43597458651041
19 54.708332828091564
20 64.76126260016957
21 68.19370662925932
22 62.9817452013699
23 49.08277814080134
24 57.936487829550735
25 58.37382445011792
26 57.73882193758135
27 58.47456383089769
28 58.8816048115853
29 58.10617499948515
30 70.04102182746365
31 49.98987647446769
32 59.56389447623597
33 45.86469182557716
34 55.55634749978088
35 55.712269727932274
36 48.93265037416635
37 63.203003624227236
38 62.64500663155562
39 65.12408325604353
40 63.12923500884096
41 53.83845481390663
42 58.036614581589674
43 58.26974592617041
44 70.19199465697545
45 70.05228959546456
46 45.85328913692814
47 58.19769654152579
48 57.794580030621404
49 50.78357465894438
50 61.4450165827453
51 70.38591125325252
52 57.57717470087504
53 56.47137080262844
54 58.0260196733122
55 77.09890089283654
56 57.95531493828447
57 58.63365064170143
58 59.37495844493412
59 65.06049234045646
60 59.96857510337189
61 57.68741468531238
62 51.79994278715043
63 51.962703413956035
64 46.78881201272018
65 67.2309846504004
66 58.00354185496031
67 55.077142125954076
68 63.625727561563906
69 70.36494185086103
70 58.14110717094269
71 69.53488416668608
72 58.5148267642712
73 58.394286016642084
74 65.02457220108437
75 51.27240364106575
76 58.615340419074755
77 50.06339743063603
78 53.23294030201824
79 48.8337057027821
80 71.52349908423281
81 66.76131407057217
82 47.23169855350226
83 56.45752378483835
84 66.91386456117793
85 62.54565746070018
86 68.59967476693916
87 58.78913206567724
88 56.89547060485588
89 51.549009809016944
90 60.26624058430486
91 54.575233212748394
92 57.83938373790285
93 69.07299367045741
94 56.16576462328856
95 70.2216074085588
96 63.0385693897647
97 45.72198974356521
98 58.78754471585339
99 62.83750023978651
100 70.21996397479928
101 49.814591698056745
102 54.1238347829781
103 66.16638614965474
104 61.24777675095464
105 59.55551452308655
106 45.90746337291639
107 58.37158762184849
108 62.34315484132667
109 57.50423170805091
110 62.22943672741096
111 63.39235992039969
112 59.19866935665621
113 62.27037965953229
114 59.263188668380195
115 58.52080850699967
116 69.32684691436995
117 49.34079846438792
118 50.05031194490754
119 58.13226159366979
120 75.22251078423912
121 77.15352613459011
122 67.96532471964315
123 57.97828833113635
124 57.90651566490888
125 52.6620793346894
126 57.85331399430527
127 58.05487500368333
128 53.09638938697983
129 59.40939680542052
130 51.4631280933626
131 65.03327057797436
132 67.1911867539152
133 59.22163794191821
134 57.87070224529695
135 59.79115771686515
136 69.29535538163397
137 58.247328980224644
138 57.64891806345007
139 63.336825372974815
140 63.581528543482996
141 57.913132624899724
142 58.02728602163646
143 70.13790747661918
144 52.282509894255256
145 58.325010539701765
146 46.60684992660935
147 57.88504046166949
148 58.73014022640532
149 62.543112691335494
150 66.83950269615973
151 46.245692380235525
152 55.28641153597234
153 57.770289117536876
154 62.99468459395703
155 67.59935218347891
156 53.97789810225349
157 69.83433471104051
158 51.44867799545977
159 58.12423709074807
160 63.60711056100893
161 55.530386297201225
162 59.044081706268514
163 58.84207812842668
164 70.78571693866076
165 58.303917410153026
166 62.32582796553694
167 53.88763390376606
168 55.21262588351441
169 64.81295605247523
170 69.23600343184908
171 70.18936801172606
172 45.761629620490645
173 51.7539209904156
174 66.52690372545506
175 63.530167576454005
176 46.19969168822129
177 66.58457059743321
178 46.10410253406418
179 47.61724519356378
180 47.864824302311696
181 63.45576902958074
182 69.29183699660656
183 63.71849019937568
184 47.868998550960825
185 61.68634987348348
186 68.20517569720185
187 60.71227840528438
188 48.665065869391256
189 61.413024407145436
190 62.60136749714675
191 53.40191290238836
192 57.66688903989311
193 69.69295339704783
194 54.74765487819744
195 58.39514790592113
196 58.718152882994374
197 58.01422941259587
198 65.40996569316883
199 56.77166922382163
200 49.96747110154417
201 48.78595027345885
202 59.17828238651704
203 58.57357417720698
204 54.24509508059338
205 58.139052427683936
206 65.95897733989192
207 58.145046697352335
208 70.4399256884429
209 58.083354443301886
210 70.3519540988033
211 55.07840407769228
212 70.58166128616857
213 55.75664600017003
214 49.369403440316184
215 45.974006419649605
216 46.13132434956515
217 58.104859061943195
218 59.63886430993642
219 62.103261979266165
220 46.21043763196296
221 56.037140766691635
222 57.64738532522088
223 70.65318943998771
224 60.639833134099085
225 65.09137163873153
226 53.66274250699006
227 70.35051410258725
228 45.929360889909326
229 54.986655868837126
230 63.49010384981103
231 58.526437857538625
232 48.428807588402144
233 50.38097945430214
234 58.94931409020386
235 58.81105247038065
236 59.84932120647987
237 48.62601035504741
238 58.66618230735346
239 46.11363661721304
240 58.307086531291006
241 59.52932462265909
242 58.18812435614221
243 55.085905524172134
244 73.75586998551242
245 47.69818681243777
246 58.187313466613375
247 47.84103768173819
248 60.3457354963827
249 58.16534510844728
250 68.2739383713227
251 70.36844665255458
252 58.255926835583175
253 57.644297318420925
254 63.21443267845455
255 59.23505318120314
256 45.71852847720034
257 56.690479683219614
258 58.885573909056916
259 60.571724945659064
260 58.14148329738448
261 51.83866104164009
262 48.66480946325374
263 53.78163742120688
264 58.00092197499384
265 64.33654951430873
266 59.48370857067532
267 60.39758649145881
268 47.34948598839085
269 58.48485974030093
270 45.631069133250186
271 46.75281556105522
272 57.93542320062917
273 57.590535091142876
274 52.6517173548004
275 59.839807187722656
276 64.73361811544838
277 65.13442135168405
278 58.68978584866806
279 58.21421017166086
280 59.185630922262796
281 45.882914905080725
282 61.77753256270634
283 50.14327355540966
284 45.880108365041764
285 54.93360688316275
286 70.27752781362675
287 61.25214115899662
288 58.54266313712041
289 52.19755725217914
290 57.740229338227934
291 56.92342610580769
292 58.11691046186043
293 66.87762823356562
294 58.39304134536609
295 62.86942398529138
296 48.59020383094657
297 47.835033609867494
298 70.39096909500641
299 63.91933422641436
300 45.753913259983364
301 62.4851913629017
302 58.27568380094882
303 62.55900700947461
304 58.17985668960485
305 58.52790988903669
306 80.09800893309487
307 58.99314829105263
308 45.7646416323247
309 70.08658708390838
310 52.124149510287424
311 58.109358633733635
312 63.565367698965844
313 61.47776758609788
314 45.969654743556646
315 48.519575358317745
316 57.25323428892248
317 62.998587216277684
318 59.11282698059325
319 58.439361362041566
320 51.99018072035471
321 63.740320989705005
322 49.660631320600395
323 67.43525105086073
324 55.53893700882835
325 58.084053392769945
326 51.95678083812801
327 70.27158244198303
328 58.64742780055048
329 48.49975362708468
330 58.58289494330498
331 76.1837121660916
332 69.9678219858552
333 55.98072238794293
334 62.59794945737451
335 45.859897935560575
336 57.330773555670156
337 65.01595221240723
338 73.21998136087848
339 57.99403930002365
340 53.747156975251336
341 52.6241162910101
342 70.21609739974912
343 68.92702984218779
344 69.67952375788171
345 49.710072952500866
346 57.288953755459715
347 63.12734768609139
348 66.20247507598741
349 53.46332178947947
350 58.85160915558021
351 52.95221412209442
352 48.57509653346146
353 62.76142120524859
354 70.41625190147138
355 58.20009805080998
356 57.99051981632168
357 46.63274120468927
358 61.426453460668995
359 54.2271958755607
360 45.678853845361765
361 46.130726545308654
362 58.04109991901584
363 58.180582483419876
364 59.22327119677892
365 55.999090036800816
366 46.67693168749789
367 56.97501278245052
368 71.46983908602827
369 58.2915344973183
370 64.40438509545254
371 67.554541783756
372 56.826379023484584
373 63.461630865320664
374 58.46788834596848
375 58.37364090054791
376 53.46076557159769
377 65.25836383169677
378 62.62732804959603
379 45.93156858303394
380 54.48307817811864
381 63.47951714080925
382 50.02624922485227
383 57.93843462862078
384 55.078223039722594
385 61.722664771352896
386 69.35472556339815
387 77.2211578719473
388 59.29017483226605
389 58.93600080971702
390 52.96301705564591
391 45.660984787741725
392 51.425348064379534
393 67.96038253272405
394 69.18962498655212
395 63.620503017967984
396 64.22516487430286
397 58.26632695869991
398 58.77107095278652
399 47.15531614102692
400 78.1632340078286
401 48.222168918958126
402 56.28215688333361
403 58.06934916068174
404 66.6444424628485
405 45.904223526432304
406 55.99133084673822
407 57.96646686791562
408 70.16245243114876
409 55.37183778980808
410 61.31820973697909
411 69.77813438975573
412 58.02219080485031
413 61.60117288420733
414 56.19681939550899
415 62.77566889148124
416 45.84999847505504
417 63.435270894723885
418 55.14763292794731
419 75.45694023888542
420 75.00170177282163
421 54.84081829973706
422 54.09113046094997
423 63.66299166850813
424 63.567143605870896
425 59.185004369921906
426 52.931308039156164
427 51.314636002120324
428 57.862517983413575
429 50.213621613877656
430 68.02746636279558
431 55.615466274986645
432 62.79291299959346
433 64.98727304763554
434 45.83380384734448
435 58.97980539378931
436 68.54738002975716
437 59.20967637274496
438 59.80910830245153
439 63.80890214703482
440 58.04970890746841
441 63.381266712345784
442 58.492798523980504
443 63.32506773443767
444 64.27746989828101
445 45.90435100591583
446 54.25707085722623
447 60.479909606227444
448 61.09877259847316
449 50.82499342095235
450 65.62341034311052
451 47.53729248281154
452 51.462843413086205
453 57.88787202082531
454 62.95584322283548
455 58.48358890951404
456 58.92010617425664
457 64.44268266667129
458 46.20920183051578
459 58.755761227056084
460 54.08114800566349
461 58.04664432474837
462 61.20954755803488
463 47.79068232060635
464 63.03198234660211
465 56.42839775346526
466 58.38100898706075
467 52.79587086172724
468 45.91787091342752
469 58.152793572421324
470 60.690712304346164
471 54.69323749769954
472 49.076255934221315
473 58.601205726712216
474 58.317126416384795
475 48.88848654983925
476 59.407060835823664
477 59.018962762004406
478 58.08387558767653
479 57.097466094577264
480 69.6571876922789
481 62.61858331218762
482 49.56492979363948
483 63.60487765818678
484 63.994864385841595
485 52.292112298766114
486 57.11387251429722
487 63.64996759477405
488 59.155058811937195
489 57.418538784719125
490 65.69278476472691
491 58.232171160517524
492 70.23187216513747
493 62.088999229150104
494 65.97133209647714
495 69.83826849461191
496 57.942738303678986
497 58.32961270501724
498 58.26369600928916
499 53.783709205645195
500 76.50032969339067
