1 64.97848807160483
2 46.01315149468357
3 46.79843481586709
4 66.6839092173782
5 58.53495433928257
6 60.62899530459558
7 51.75118850649299
8 56.909638903071894
9 57.9554266662309
10 53.74084313502685
11 65.2305448355832
12 63.68805357498883
13 70.48683417053525
14 45.80191274959665
15 58.22981347833314
16 45.79043640545128
17 56.4549980206872
18 56.48417035388439
19 56.51298764687368
20 70.32209217604377
21 63.52962248456886
22 63.83190574494009
23 60.06090996331843
24 46.737334766650996
25 56.82914975318944
26 70.34323160634146
27 58.31688439592539
28 64.6442166363775
29 73.84093275339588
30 53.36138132550848
31 58.21570312975757
32 58.047137817606874
33 53.97116427150359
34 49.71216752381479
35 63.207737523154194
36 62.96111006027628
37 60.11339120039088
38 57.62862712741116
39 60.892447378297604
40 56.956226003999824
41 45.79993471686148
42 58.456742823674496
43 45.817246983012495
44 62.64084044954733
45 54.71782328969676
46 52.540596316472666
47 70.4522941084944
48 53.252337453140385
49 58.92121505122909
50 61.59167345709027
51 54.27117712114278
52 58.143476752482165
53 64.95383389505672
54 70.04890845420445
55 50.63579262944217
56 63.5209636307485
57 61.70191454762647
58 70.13391772109189
59 58.20800204691296
60 64.947917884825
61 55.49294229626154
62 68.49774733183891
63 64.53602098067137
64 51.04009334592968
65 59.97592570904509
66 46.38712019799698
67 70.01122370212292
68 65.79257174245555
69 63.601181572463716
70 60.24698426356615
71 57.878104447491225
72 60.990023075701664
73 50.772994839281615
74 63.800216293008276
75 68.67285981075719
76 58.266050212254854
77 46.20595182646632
78 65.96359696293315
79 65.42175992341046
80 59.24922706015331
81 46.77096658841338
82 70.7722158262315
83 49.69334782641742
84 69.05743376589793
85 52.69516560863292
86 57.36180211171317
87 62.79192646901952
88 69.29809717672408
89 63.10922707480061
90 70.45721998161866
91 57.80015656848601
92 58.17852977751145
93 45.686887006194205
94 63.821076002264164
95 64.45497095540833
96 56.73440575426118
97 64.00081031255252
98 57.967819692562635
99 57.805118029366845
100 59.00339250639846
101 70.23932172268874
102 46.29647727467159
103 69.64674632841945
104 59.19037882847478
105 59.147776130096894
106 56.34755119669353
107 45.80678011260598
108 65.64756431689297
109 68.1318419668926
110 70.33850829285782
111 75.37473207714706
112 51.50047680306823
113 70.16106275013811
114 60.35388696428431
115 63.29495568190427
116 57.676261958370134
117 56.67401632508952
118 45.893575547569796
119 60.736829755849925
120 64.69752156919006
121 57.95570287840512
122 49.98577892007928
123 53.612290792634084
124 45.90401402204192
125 58.64152836220542
126 57.95155056884236
127 57.87504339087033
128 63.35752417801516
129 58.75528575591024
130 59.483997974073574
131 62.38321061406082
132 48.70377070512601
133 52.2404963489434
134 59.14674638798487
135 61.8580429237607
136 58.49308078358587
137 70.48086920322255
138 57.911218930324914
139 46.675592862528
140 75.02040995426901
141 48.81496272060278
142 54.67602673710396
143 58.14051584817976
144 58.151296687355696
145 45.86681907107303
146 62.35380228849514
147 56.26929695514436
148 48.79446127510187
149 58.128218175182724
150 62.89659691298557
151 68.87489601636979
152 60.951205080031635
153 59.365955423528945
154 58.49839385888225
155 57.30982341409712
156 65.1529070123962
157 45.85696371303407
158 70.31936338497097
159 59.91735654138411
160 55.83448144929209
161 58.77932591547535
162 47.85883312044532
163 54.354139731167635
164 45.865604144930444
165 46.10064437920314
166 58.7593404466367
167 51.88539640278274
168 49.242495620142634
169 51.524814399178965
170 58.18604701396933
171 51.809683076913934
172 62.79277935835446
173 45.91996917280913
174 58.03177850130422
175 53.316640731556326
176 58.32980342196139
177 59.108457655517114
178 50.34869472453184
179 59.74447949199392
180 63.2918667839359
181 49.956714116363386
182 63.752200821460654
183 62.78171962727428
184 63.843198472495935
185 56.88983269139849
186 64.0009758777038
187 45.7043180669348
188 71.01834635865154
189 70.46531594117113
190 58.856645025354744
191 45.82995408757505
192 52.24621167539368
193 46.93971146143645
194 47.52173471332923
195 59.13736154919463
196 45.9483911990029
197 54.58728375784187
198 53.638163676850084
199 58.66213914312069
200 58.81717541756801
201 61.179588126999555
202 61.65475569064739
203 59.26216818018701
204 59.15414128488802
205 60.58325485075639
206 61.613053867826224
207 63.99942578480563
208 58.714218887959724
209 46.9252322135409
210 59.70422634581647
211 57.826904589854635
212 70.27085238995069
213 57.632490213476316
214 50.22486169187827
215 63.00527804178926
216 76.52071577323818
217 70.31767278959406
218 62.49573458933354
219 54.60161722404503
220 53.79384913143055
221 58.405980897980434
222 69.91412861394451
223 63.368667893236974
224 55.82134965866949
225 59.89054495463325
226 55.63148605622541
227 52.06763393204705
228 62.515694472189345
229 77.09962462098846
230 62.96455059917529
231 50.95904183720131
232 57.890370161482764
233 64.85866863412883
234 49.606881454927986
235 59.432107162842726
236 63.4184023147212
237 61.76093368350655
238 47.76987349027294
239 66.58475485399444
240 58.838861133472875
241 79.08183492444807
242 60.59221413363384
243 58.71508921660289
244 64.38062925205854
245 51.186346026133165
246 59.46583154394939
247 49.423515902617076
248 53.98796493631905
249 51.1240027090883
250 49.19982100570469
251 54.66232873522727
252 57.961923033161206
253 59.210615787708704
254 58.145450949836224
255 60.353776445485025
256 46.08299952535706
257 54.022562824533125
258 45.873833484103386
259 54.60264744008495
260 66.7439790229938
261 60.338323691130306
262 45.770570454705364
263 58.58990631850648
264 46.04090137185204
265 52.44696381101095
266 49.57716043388685
267 58.488495108176004
268 64.1923170502211
269 69.79418416589245
270 62.403425842000395
271 67.62276124648136
272 52.98012089690168
273 61.577636100147565
274 51.42809862949361
275 58.07959969567284
276 59.161545367319675
277 58.57694277281501
278 58.33519702524526
279 57.9398358719687
280 59.02345928793738
281 71.12445304399267
282 65.70095801012887
283 64.40686895110727
284 58.091910005632826
285 58.8154434248149
286 62.16556197949057
287 59.55258949052243
288 58.268973857331
289 48.30221977328973
290 59.09829084215369
291 45.80073166854233
292 73.76694694706039
293 64.57870391269394
294 56.489247544502284
295 58.60001078999447
296 68.01320428547393
297 61.131522529125874
298 62.88109441474158
299 57.14885250659565
300 57.966605951315756
301 70.27562539645662
302 76.45648246477793
303 50.10967725804075
304 55.2031289274638
305 69.92509925931124
306 64.8738113586761
307 73.0620428005353
308 57.95447731640885
309 46.41569761084102
310 55.86676628076885
311 66.97674958130786
312 48.74279733085836
313 46.68958488328038
314 45.77845442979512
315 63.62814765242422
316 63.029775076116366
317 58.11112639903263
318 57.95296279373426
319 45.64558311818409
320 57.926898961402784
321 52.69528252133489
322 58.758975912730094
323 46.72122892537222
324 60.52956886099323
325 58.53279250174335
326 70.28163692322057
327 53.11940668293815
328 60.703547699241945
329 70.12421171723206
330 63.555954263556195
331 51.25157132360123
332 68.81379066217933
333 57.75728643930531
334 50.45419397817308
335 63.49689636420209
336 53.755957379587755
337 69.48419980749759
338 54.789494482566006
339 57.76525099907912
340 50.6579668528415
341 63.53888128418301
342 55.499998977600974
343 63.61451040027615
344 71.12106797123243
345 58.04492295666853
346 59.290243151929666
347 56.50041844141624
348 57.56855254025274
349 45.868009199483076
350 63.339119341182496
351 58.86532386310797
352 57.84727345905474
353 58.39034403950593
354 50.09399537776554
355 55.796094680176644
356 53.70839647694313
357 62.878391826836975
358 58.0298538992154
359 45.77024419910421
360 59.2602421366801
361 63.97083218847963
362 61.50245882649714
363 70.7910181773788
364 60.653878810389635
365 45.878287077464016
366 63.634325180518985
367 63.92861369526265
368 46.08009709212217
369 61.557485802017105
370 63.408495577004764
371 46.94281039941449
372 45.73802520928042
373 55.37503965993587
374 69.98721949246323
375 52.098531714689706
376 58.38083747336976
377 63.62263245520335
378 51.222888497233264
379 51.56426881841793
380 61.97219954273841
381 70.33452746676517
382 57.84240846881583
383 69.08494883123592
384 57.67207454743948
385 46.28730265646896
386 58.68028336732609
387 57.15095764424028
388 59.095132251722745
389 45.93293683875909
390 48.12787578406499
391 46.970652026568075
392 57.9725992628758
393 63.41768826745011
394 55.54364676526887
395 57.507676071796645
396 77.00544607387147
397 60.572582294689795
398 64.84689788781694
399 46.99323421836917
400 63.49662944918414
401 53.94952618419503
402 56.76038242635585
403 45.84398329945844
404 52.71490129351782
405 59.11504511770442
406 62.57204407386871
407 49.210108234306595
408 54.00377116903765
409 63.62813465345112
410 57.915427932191605
411 55.15519095213707
412 63.98379738967849
413 57.962341520779226
414 54.34523673686744
415 58.60388680670191
416 61.92287792242779
417 58.38364052769153
418 77.46961338290251
419 57.96170577792184
420 57.213228788736295
421 55.538026688410085
422 46.09213031000285
423 70.35616554549696
424 72.06678582999695
425 62.273421303392645
426 60.59180729675723
427 62.85684240129423
428 56.95220410685879
429 54.51569017523206
430 77.18906722249876
431 45.86786402098296
432 70.3304722469556
433 60.48962986459318
434 51.32176593492226
435 46.08427898255811
436 57.66808148054965
437 52.67547812026912
438 62.67038711691275
439 60.19115773777458
440 57.998459278157256
441 62.49057897390681
442 58.406083260412004
443 52.482359169767484
444 61.5239156526403
445 59.077943011922066
446 54.19591138346138
447 75.02424369908553
448 63.138536049588545
449 57.984788142475885
450 53.99311809947854
451 56.109695164942195
452 64.7728027422845
453 63.11042741401054
454 62.98619732391834
455 59.931363039607504
456 55.39661447345953
457 70.3520443151466
458 58.52578868560101
459 63.35835732344084
460 63.663484527717756
461 54.691514569143656
462 62.56540299010844
463 65.60947562416051
464 57.517059116123825
465 69.57290056223647
466 56.29413698826766
467 61.18682021528909
468 64.73016866357078
469 48.030706555949905
470 58.10825062430439
471 58.40865821701925
472 57.91733002936215
473 58.63512174251512
474 75.28003596084602
475 63.49244807106969
476 60.94788325849697
477 63.01940767713568
478 60.116095653413446
479 62.322914309039305
480 63.64529263432287
481 59.80135214496379
482 63.03025287700441
483 57.79851221821808
484 64.90266006026468
485 59.269985158053
486 59.096878192993124
487 64.31187557072688
488 57.933881584577016
489 50.95479007095485
490 47.0222495498654
491 62.79654619061365
492 58.79708839842213
493 58.34499039369044
494 61.467038339851676
495 57.801633622130794
496 77.50321083652628
497 71.73598037224758
498 58.58108487310982
499 48.095708575176495
500 58.28802538152538
