1 62.83678444243754
2 58.9310748899651
3 70.37943377010738
4 59.34339812004088
5 48.57709038789037
6 52.22007870522682
7 45.92438269872913
8 46.334785631547646
9 62.226668042867644
10 45.760827536485664
11 56.4319568868012
12 68.30692868534568
13 56.507762064345684
14 53.352072547716624
15 61.95846183721724
16 61.43809853623901
17 58.07385771958075
18 51.34688589828558
19 55.286651101704486
20 63.30697962535785
21 63.84476949229037
22 57.820976076653885
23 58.430088365225124
24 58.28637280904261
25 57.64097345068136
26 54.854675175812304
27 48.035943404748615
28 58.13968740025573
29 57.834375898554626
30 70.34228260077388
31 56.43578445652062
32 70.33241816457061
33 57.436139405355426
34 49.966796257966614
35 68.75119896107299
36 70.30836436034002
37 64.68099330105844
38 57.813245930922264
39 45.868523593341635
40 52.55928415542743
41 57.61432487764643
42 63.8809519766512
43 58.7396644150163
44 57.987731642477115
45 59.53550630198475
46 63.2264184005457
47 60.08454723670222
48 58.10761495542307
49 72.10180105757607
50 50.48556908528133
51 56.494586240277
52 57.76293442030947
53 51.833929114425445
54 70.35870486470711
55 70.3052811999843
56 63.651084623764454
57 52.68292215761893
58 63.498600056746675
59 63.075742283759325
60 59.998923455819586
61 58.11935083778453
62 56.28404885476885
63 58.12895185499519
64 56.4419087694902
65 45.86800982190292
66 53.003777474674365
67 58.319450977737226
68 57.85526811952579
69 56.76928539962596
70 58.23679222609437
71 45.8066569267983
72 52.51511372335827
73 62.69513979526221
74 70.32623000152067
75 59.68524509217774
76 59.45482185999191
77 64.3733508063515
78 60.47188943507696
79 77.06050318942748
80 45.83545110380192
81 58.36626056868007
82 57.430997423525724
83 58.389465309720194
84 69.87652928525084
85 58.84233997543275
86 58.133483874487084
87 52.87450308406831
88 55.781078549299224
89 51.62250777333508
90 63.69990591807344
91 56.7111984041803
92 59.77402271709949
93 50.726402250271825
94 67.53437979335602
95 48.377610501214264
96 70.06028237317855
97 59.82448695617285
98 57.75972675822578
99 45.93142954000738
100 57.79041528930071
101 63.6334543948624
102 55.72003765399191
103 53.529588237248845
104 58.06370420297779
105 56.778169565839306
106 57.750054090270986
107 79.10376370158565
108 58.846616852369685
109 84.91429816293355
110 51.34710299596519
111 49.54602179987785
112 69.83541130740484
113 45.623734034246034
114 58.29943392870805
115 57.658256993753604
116 56.40420229994417
117 59.296830076671974
118 46.92756989290959
119 58.821268795897566
120 58.051991329733
121 47.53827023798234
122 45.74659078575779
123 52.010949266918914
124 63.63585999726324
125 63.446751871359204
126 71.22011558827207
127 48.635416776619024
128 62.858898651820816
129 84.56466745265296
130 48.01995043572656
131 64.34382756767702
132 75.23620355524909
133 49.65254457419816
134 60.25208377641419
135 57.84121912819035
136 57.81604923527346
137 53.02333935256607
138 58.42315890074695
139 51.99124747407621
140 76.43524204744014
141 57.25605353744801
142 52.15169565639903
143 60.76765665570882
144 52.15925982323439
145 52.79016168639808
146 60.54106362036148
147 45.91236548151251
148 59.04699707140762
149 48.68455642700272
150 62.583294613856566
151 63.38291351970266
152 58.35334874464379
153 52.28833632783123
154 58.91959123753816
155 58.14337146064006
156 54.89182800026126
157 57.59524700659909
158 63.144760546245166
159 58.025142686159974
160 61.893124831013864
161 58.90805811526592
162 61.15946822153934
163 61.55470554235213
164 55.9816373154648
165 70.45461050454445
166 70.31793163461953
167 57.76144947694661
168 57.935283838583736
169 46.783640450475666
170 46.127368419103405
171 63.37354086081229
172 58.04769276888544
173 55.979439760899396
174 58.08283635193543
175 56.65423982633476
176 47.50739806098339
177 59.96428481488542
178 58.42776892686337
179 58.80076322394689
180 57.60801912734672
181 60.75515454619294
182 46.96814072766877
183 58.28084813762871
184 70.30380164400256
185 49.128098416704766
186 57.94585429583535
187 57.86128135542771
188 65.18552130265135
189 70.45065744866301
190 57.86764567401284
191 57.20361755638963
192 61.128494390089806
193 63.38037707028355
194 59.55895956464512
195 62.0135749972023
196 45.92431518099125
197 48.029798291153554
198 66.2050181403948
199 46.544777196297574
200 45.94154559242914
201 50.70057452015419
202 53.69707678749219
203 65.91007086195748
204 55.925734162233084
205 58.07043106969131
206 69.94563891092558
207 58.18080138208105
208 70.17952139754173
209 46.35391988630171
210 58.094571504122385
211 73.28652343905979
212 60.62261181696331
213 58.60788928620523
214 60.65773789702662
215 46.219340087316525
216 61.89033753391121
217 70.91113625702351
218 51.753936025966645
219 69.92478577894433
220 57.84539795554911
221 57.9795589653808
222 46.21274132456546
223 70.30563131463288
224 60.55769121352726
225 71.05775907760327
226 69.7213234548063
227 61.042337753734586
228 45.8683189180253
229 59.411166332077485
230 46.97175641378072
231 53.15408952900617
232 57.97914244494935
233 64.06153720963036
234 71.00807280160637
235 49.235526246049325
236 70.28349326167475
237 62.68036007217717
238 47.3444662409995
239 57.73280453613912
240 58.290120964616214
241 46.05220243198609
242 58.01908963186496
243 58.259805074355945
244 58.012618328932334
245 63.611657666520884
246 45.97326319881106
247 57.620286794838094
248 59.98225360813612
249 62.15104503834679
250 45.84084851761919
251 58.07527359014141
252 51.395309836101454
253 68.84402592754223
254 50.367181529946215
255 58.74433734595633
256 66.00733909154037
257 56.04632564323766
258 66.99924176937091
259 62.45538395277502
260 58.14925321706042
261 76.2897183781917
262 56.32391325654333
263 60.29014587887287
264 49.809962154698965
265 51.72128863707612
266 77.00538935964745
267 54.648468072958245
268 58.8815116560513
269 49.72513005948693
270 59.86190552860169
271 64.9113765621272
272 62.16309312649669
273 49.28328035523914
274 57.92474419195543
275 45.877469047290624
276 63.27189067105526
277 60.317847549455685
278 58.0553988499216
279 49.823977923101864
280 53.762925620564175
281 45.8352308534714
282 46.694675496949806
283 63.88353230026925
284 63.76928701952648
285 69.6538551875092
286 59.90083211548109
287 45.88682574388947
288 57.99549746417919
289 58.07933710816102
290 67.35144815556718
291 57.21380189127678
292 58.23650514176517
293 63.9162833950333
294 70.56990043059801
295 63.84442037685938
296 57.60495598397416
297 58.42858536689045
298 52.05564659805021
299 58.499621064685336
300 64.63440640260796
301 52.27931275426577
302 49.16043563449062
303 63.732454167954835
304 45.90114401161378
305 61.10149164540358
306 45.85665161510925
307 58.087930559209425
308 45.97456943187684
309 58.62725288183697
310 51.15699142285155
311 46.8948234223733
312 61.93742103680209
313 58.1245119869634
314 58.0874348108072
315 65.59401124406392
316 57.8003065658442
317 52.70087152036812
318 58.45714471731297
319 47.95380848390913
320 63.60111185360548
321 69.47172371677546
322 73.27123367834403
323 56.494023855961494
324 62.83106253426885
325 46.39002327457805
326 53.81340934314821
327 60.99213048225484
328 45.79624439128054
329 45.88794100208379
330 55.49686554900074
331 59.08563989241396
332 46.3156315070423
333 54.59741262823992
334 55.69324945846995
335 55.362361243436126
336 62.28306966517495
337 62.6011917871012
338 58.307741859583174
339 52.80248295232886
340 57.63551603537774
341 45.81967790515347
342 53.05805807640895
343 61.74826063659104
344 58.53693871709606
345 70.29115090567541
346 63.83300500059748
347 58.93203164030906
348 62.066195053689164
349 45.91028857641659
350 59.48004040355189
351 63.6589414875231
352 58.04033482151629
353 70.3411731185277
354 56.29479536575764
355 62.5915165920498
356 66.55591955162751
357 45.83030081580408
358 63.62316600113997
359 71.46765855230124
360 63.549217726422505
361 46.6588911299752
362 57.904087637549495
363 68.48253811136524
364 57.92200603413566
365 59.52002074592737
366 58.039706339058334
367 60.23180315634693
368 68.5397252718811
369 70.92854076376504
370 49.28247204110344
371 59.402539485892724
372 60.302405767893795
373 69.14936217442947
374 64.50017926539839
375 64.85529642280827
376 61.89183975558243
377 57.28689126970431
378 50.3643166085796
379 63.06770837611039
380 53.16884090388827
381 62.07066329735705
382 58.4450682306388
383 57.965767440650545
384 47.1265559295462
385 63.28609356831864
386 46.48924438878587
387 58.04161820439188
388 51.17819605665652
389 56.46903184888699
390 49.37147413613537
391 58.66031438824457
392 67.50773979883355
393 63.805772747948495
394 55.841505133780146
395 63.848288013178134
396 56.05578545474731
397 45.72648094654295
398 64.8747201963336
399 63.23167854218582
400 45.72903846668236
401 60.39885576113354
402 55.36734671952511
403 58.091617790952924
404 66.07121167850397
405 58.23505252518693
406 57.97720918465476
407 63.76185612542721
408 76.15877108872452
409 48.54819549694052
410 62.105097125533774
411 57.58603242322695
412 63.598964904308495
413 58.0178717941056
414 45.76591944239269
415 70.18827839251647
416 54.55964575172484
417 67.2754371521577
418 63.378755440255674
419 65.69689835236167
420 58.19875929962794
421 54.28591421034014
422 63.30794604325785
423 49.157598512563986
424 58.66379798017509
425 59.41952075819086
426 49.01652477504162
427 63.47432033415551
428 61.18492138747255
429 45.75995669582643
430 58.179037499147086
431 46.209631695003424
432 84.97962721371981
433 58.015434720666875
434 57.82170612932792
435 60.892642460840825
436 58.788894665220845
437 70.19259999949219
438 52.462299851871336
439 59.05123782886168
440 45.762834001959995
441 58.40902193569578
442 58.22299993480201
443 58.025907397316075
444 58.18715161907563
445 49.57036170883754
446 70.3969004235306
447 70.74352522918805
448 58.93012326762047
449 57.933258461500145
450 51.18971001688318
451 76.16898553113155
452 57.92099686133544
453 65.04678575396758
454 65.04476390501553
455 66.04208138614713
456 61.59095565493997
457 73.39607014946137
458 45.87774884636053
459 51.966337876639024
460 69.69972385669469
461 62.06888327575669
462 58.770641134247796
463 53.07010868457436
464 45.96884675837449
465 70.80077779005053
466 49.82091436409844
467 59.805081576895304
468 57.764439256288696
469 63.48868134752074
470 60.61343455930872
471 48.43210558660399
472 63.84991201416183
473 62.80034983170038
474 58.28665646607383
475 58.29674785292129
476 58.23698914624732
477 63.31316445557652
478 45.84699076133591
479 68.78818586349229
480 51.54545305418612
481 51.84947151531381
482 63.02737614691442
483 64.92818430730007
484 60.05081922442216
485 56.88240404303858
486 47.83623563697659
487 63.05339588279605
488 70.06619435051887
489 51.59374730884038
490 58.35121939039297
491 52.89690606857047
492 60.298606231612006
493 56.784637846569055
494 62.51875780382054
495 57.74980322822455
496 47.96065562146619
497 45.76226169463986
498 50.59433096213119
499 64.5428374990202
500 61.97031486969103
